0 0.4880528749747027 0.4523685780413932 0.5187374922579878 0.7462419368582919 0.7956469720855276 0.7262845044152927 0.6646762484016973 0.44022782385276527
0 0.6691666204545278 0.44688028272382274 0.7993889173919418 0.7316064268482768 0.998464465125866 0.6238362693241505 0.8891974261939936 0.42559242550240456
1 0.31002629561101097 0.46151573690401065 0.23434399620050866 0.7681950622987467 0.5179890655115718 0.7455766128094283 0.4888013017211187 0.4528675850354975
1 0.1237672732709636 0.47249232753915155 0.0023387393697172835 0.6843738348721847 0.2358407868847855 0.7708560235152389 0.31068120041840275 0.46351148573129314
0 0.10758853223012595 0.20863503692731758 0.046889630093350475 0.25481424653639173 0.15310164127435238 0.25291965941563277 0.19537333450727287 0.20745097297525206
1 0.1959949660946669 0.2068983850650307 0.1541673167181744 0.25228815687458417 0.25824803663474244 0.24913061767013694 0.28524506838061836 0.2068194439349991
1 0.052883998568089535 0.15653548105871146 0.09684302864383092 0.13616930549145878 0.15758635007205163 0.1342747713691087 0.12099826914338328 0.15574609625759972
1 0.21455543287285783 0.13309068091783874 0.18849087831967798 0.15258855705315247 0.12064303405824099 0.15511459371655112 0.15865202551587357 0.13364326882806013
1 0.257404368213332 0.15006252038975382 0.18884608359321534 0.15258855705315247 0.21548791006555393 0.13364326882806013 0.27871781746656077 0.13048570312440846
1 0.3400828002937806 0.12701239939983466 0.3238313019458047 0.14690495468610204 0.2584700436571539 0.1500625203897537 0.2790730525517031 0.1292226980423113
1 0.39332203394701243 0.12788072533097813 0.38919259004606055 0.1469049546861021 0.3238313019458047 0.1469049546861021 0.33946116870638654 0.1273281639199612
1 0.2844013999592078 0.20603005913388725 0.25811480857201163 0.24857802975991558 0.3643268495646185 0.24668352213676994 0.37391789874741105 0.2037408458605835
1 0.03139293177228953 0.29286265224823077 0.0019537631566777236 0.3201754617638354 0.27014805424775 0.32206999588618546 0.28826450698111805 0.2835478903957478
1 0.4499803009541215 0.12440742160640439 0.4527777027206048 0.14564194960400495 0.3884821198757759 0.14690495468610207 0.393100026924601 0.12795966646100979
1 0.28839621257249054 0.28244248609927786 0.27099006239244117 0.3203644473143433 0.5440279138984908 0.3106564439820499 0.5344715837968591 0.27667838139847034
1 0.3735626934738737 0.204372348401632 0.3643268495646185 0.2466835221367699 0.4645001027910412 0.24289445389206962 0.45917175538353644 0.20247781427928194
1 0.5454912278402738 0.19868879903299058 0.5653837665645385 0.2384738831063209 0.46450010279104126 0.24352595643311822 0.4591717553835365 0.20184633823743775
1 0.45046873429038975 0.12440742160640439 0.4527777027206048 0.14627345214505355 0.5156524048480745 0.14248438390035328 0.5071270012974989 0.1229076063838146
1 0.5085923013063034 0.12353909567526095 0.5164072346865943 0.14366847435162322 0.5807028175314232 0.14051093514717597 0.5632968349683397 0.12219714946313226
1 0.5447363681901489 0.19821512575359634 0.5650729507708413 0.23839494197628922 0.6613387373071187 0.2327113661084433 0.6261715370958094 0.19229472649565554
1 0.7098268358487945 0.18605856271758825 0.7625776361657581 0.22765929278164596 0.6606282969484388 0.2327113661084433 0.6265267721809518 0.19292625553590856
1 0.7948142363594581 0.18084860713072765 0.8620404192218961 0.22071268533249846 0.7629328712509005 0.22765929278164596 0.7096492481178284 0.18724267966806266
1 0.9600823215606747 0.21858132782005343 0.862040449033501 0.22173886702450074 0.7945478398572063 0.18132225391091739 0.8766046403502609 0.17816468820726566
1 0.8763826035162445 0.1773753034061539 0.9575957653994936 0.17311261488046842 0.9991569884621294 0.19268945864501816 0.9611479970044968 0.21794985177820927
0 0.5642737016408762 0.12180244381297406 0.5815020964729934 0.14066881740723922 0.642955888071499 0.13687974916253895 0.6212872037331275 0.12046049760084535
0 0.6219088353205217 0.12006579195068723 0.6809648795291314 0.11667142935614513 0.7083171463601496 0.13435373899834474 0.6436663284301785 0.13687974916253898