1 0.5915201532069841 0.5262228262274177 0.6452057936045854 0.8980772626659599 0.3360267988612732 0.890449566259725 0.410099658452228 0.5163505090661947
1 0.7784943151748618 0.5130597743387344 0.957137944544597 0.9013679973934201 0.6307640231987894 0.9004590652666451 0.5850409065701355 0.5179959329193458
0 0.04818431192336279 0.8882049455047369 0.34623226305211063 0.8964318388128087 0.4132850023571316 0.51990924782442 0.19089524992234536 0.5084826709491581
1 0.883323908442859 0.31080289100712577 0.9276733099399695 0.35308122544559517 0.6386590015610463 0.3662763180671946 0.6222624014293262 0.31186926642756546
1 0.3807331183979133 0.3141895384635417 0.36118754743175935 0.3726223934324711 0.646358483372758 0.3685966234588724 0.6283222457452041 0.3103032990463315
1 0.08900865564415715 0.3683451552182568 0.36829784155246964 0.372231394635467 0.38672385461673964 0.31314946320158993 0.14147784361767515 0.3149096217383032
0 0.979218921322046 0.2722110606561496 0.8695661593883793 0.27484536124314457 0.8095534991408997 0.2243545999924072 0.9075988741131197 0.22259839960107713
1 0.7208928200098493 0.2269889005794022 0.7618891228949589 0.27704061173230704 0.8698131250684101 0.2744063111453121 0.8107883275410536 0.22523270018807218
1 0.6334669692789529 0.23137940155772713 0.6584105029620617 0.2801139624171346 0.7631239512951128 0.2766015616344746 0.7213867513699109 0.22786700077506714
1 0.5467820155881488 0.23489180234038712 0.5546849173491338 0.2845044633954596 0.656928708881877 0.2796749123193021 0.6339609006390144 0.23181845165555967
1 0.46207278733759094 0.2379651530252146 0.4536759542165444 0.286699713884622 0.5544379516691029 0.284065413297627 0.5475229126282412 0.23445275224255466
1 0.3771165934070024 0.2379651530252146 0.35093823132373964 0.28538256359112457 0.45392291989657524 0.28582161368895703 0.462072787337591 0.23796515302521465
0 0.24918837115105788 0.28494351349329206 0.35217305972389357 0.28582161368895703 0.3778574904470947 0.2388432532208796 0.28969074267610595 0.2344527522425546
0 0.14941423641862245 0.2853825635911245 0.25165802795136566 0.2853825635911245 0.28919681131604436 0.2348918023403871 0.2079451025859175 0.2357699025360521
0 0.3069783402782606 0.15586278473053725 0.2815408752350902 0.17781528962216223 0.21629254257095762 0.1734247886438372 0.24987987505514386 0.15235038394787725
1 0.052356724166525544 0.284943513493292 0.14916727073859165 0.2853825635911245 0.2076981369058867 0.2353308524382196 0.12274194297529809 0.23664800273171713
1 0.30726996840473153 0.1561673726640264 0.28106436148973335 0.17716466646759296 0.34565564613937666 0.17716466646759296 0.3628184732034247 0.1564954553797071
1 0.4212439638778097 0.1539987655984992 0.41059511306514745 0.1769347519642331 0.3450637234487648 0.1772988152398797 0.3622657132230653 0.1569112718036718
1 0.4783791441995932 0.15254251249591294 0.4748977891262229 0.17547849886164685 0.40998075628749386 0.17657068868858655 0.42124396387780966 0.1543628288741458
1 0.5348999677437232 0.1492659430150938 0.5387908940021959 0.17547849886164685 0.47407864675601813 0.17547849886164685 0.4779695730144909 0.15217844922026633
1 0.5926495048431605 0.1478096899125075 0.6059605683589883 0.17293005593212085 0.5392004651872984 0.1747503723103537 0.5340808253735185 0.14853781646380065
1 0.6491703283872905 0.14562531025862807 0.6710823867902683 0.17038161300259486 0.605755782766437 0.17256599265647432 0.5910112201027509 0.14817375318815407
1 0.7087629358196885 0.1445331204316884 0.7374329187768559 0.1663769169704826 0.6698536732349613 0.17074567627824142 0.6506038275351488 0.1470815633612144
0 0.8058313066889551 0.1649206638678963 0.7372281331843046 0.16710504352177574 0.7087629358196884 0.1445331204316884 0.7712225415478031 0.1416206142265158