1 0.793296696183965 0.2699561778215515 0.8188343909182703 0.3854052126873262 0.38159215986709294 0.36042640462014724 0.4290660712732594 0.2549319080139475
1 0.1193893637346647 0.24197124263846628 0.019262956221699903 0.33697467838597783 0.3900012898819016 0.3586210279313212 0.43532881848064103 0.2600098749053549
1 0.9513374101997214 0.12084797411601376 1 0.1804815201676001 0.86417412764708 0.22309016245887112 0.8137035882660618 0.11873939227177659
1 0.6898849716342991 0.11794971013772472 0.6984946126230906 0.22085716381189202 0.8704076380303746 0.22296577585311245 0.8173738868070771 0.1188686936109717
1 0.5722289353262747 0.1223068052759611 0.5491430227195979 0.21822807312729245 0.7085886510405158 0.22191262890148122 0.6961228684334274 0.1176846797635179
0 0.41377891341974044 0.20651573643528645 0.5587671648131115 0.21479248443351318 0.5802453533782285 0.11465194365234103 0.4601740923036146 0.1216095267131638
1 0.35900717279184285 0.11537411954775954 0.27986245587229275 0.20351485154501067 0.417747257299905 0.2105706643378006 0.4652486998306692 0.12085647395519322
0 0.1584280051068481 0.1980046594100816 0.2856315323353908 0.2069860761708966 0.36517390915472736 0.1140268219382351 0.2605822427597323 0.10855862525408892
1 0.4195312261581421 0.7620370388031006 0.36317450209869206 0.9986962577767347 0.8005989403221416 1 0.7766447174633047 0.8172678499368128
1 0.12265622615814212 0.7111111128771747 0 0.9431569665494594 0.3840042334684221 0.9986962577767347 0.4350370912160846 0.765431262870922
1 0.8426282946798718 0.0007918281147198322 0.8599567825262537 0.02185020488852221 0.9585222893678614 0.020267017319799473 0.9341778091310258 0
1 0.7572593803377337 0.0007918281147198322 0.7688133987305311 0.02501660015728987 0.8641131632777862 0.021850204888522195 0.8477845424078362 0.0012687262324820499
1 0.6782003422730579 0 0.6812326140644345 0.02448885754683422 0.7726728999963368 0.023961135067700687 0.7607975393636457 0
1 0.6024818269435092 0 0.5966544019147405 0.02791795498618962 0.6854227045237438 0.024223837238288436 0.6815632485588438 0
1 0.5308461727346716 0.0014516844574609844 0.518277017208889 0.027390212375733882 0.6008107826662729 0.02686248989660038 0.6064515608464388 0.00047596331348061536
0 0.4595690398971625 0.001097642851779523 0.43855810123981853 0.027724896739042784 0.5225132144286275 0.02699333278825892 0.5373288152505669 0