1 0.3645833333333332 0.7754629629629629 0.31177509328955577 0.9963303905362868 0.7240431324571934 0.9963303905362864 0.7099391737858255 0.8208869109837157
1 0.36379364126615327 0.7747219121427621 0.3130167902767077 0.9941121881477921 0.0003856469695400951 0.8387107426442293 0.05373347775591946 0.7313009200167667
1 0.03792195200477568 0.24909937588071115 0 0.28109379113144467 0.327799924109078 0.35879451388322614 0.36829285591078764 0.2696672142561827
1 0.7282300274815401 0.2868070795690757 0.7500833557554787 0.38850361375890735 0.32844266905831154 0.35536654082064756 0.3650791311646202 0.26738189888113034
1 0.6341996688377068 0.1218196325060611 0.6434788986575044 0.21762569765405712 0.8005120186848489 0.22143256116987153 0.7541158695858609 0.12308858701133256
1 0.8793854721531287 0.1287988822850542 0.9614709667128769 0.2296807654541361 0.7990844448664184 0.22270151567514296 0.7530451892220379 0.12499201876923978
0 0.517852402635629 0.11928172349551819 0.49786636917760324 0.21128092512769975 0.6445495790213271 0.2176256976540571 0.6338427753830992 0.1237230642639683
0 0.3586779218806389 0.1998603345802565 0.4985801560868185 0.2087430161171568 0.5189230829994518 0.1218196325060611 0.4065016447980575 0.11484038272706804
1 0.22198772876592773 0.19097765304335623 0.35903481533524656 0.19859138007498503 0.4061447513434498 0.11484038272706804 0.29729224768813156 0.11039904195861786
0 0.08958025710650784 0.18653631227490608 0.22519976985739618 0.19415003930653488 0.29622156732430877 0.1129369509691608 0.1884397440328133 0.11039904195861786
1 0.9329194903442687 2.6316397620744452e-17 0.9768173852610038 0.031089385379151034 0.8847388739722427 0.02791699911597236 0.8526184630575586 1.973729821555834e-17
1 0.7755294768623169 0 0.7948017234111272 0.02791699911597234 0.8847388739722426 0.0304549081265153 0.8519046761483434 0.0012689545052714814