1 0.7769065373602106 0.40413781484708083 0.8049474329787364 0.5182595234381958 0.3753170564647557 0.48102398672269914 0.4186220381386523 0.38348075905066414
1 0.12263257650875731 0.35656466101170003 0.019872439622912245 0.44793770119405596 0.3840590574844266 0.48245686236893787 0.42968985418372246 0.38444683506555677
1 0.9312612309235709 0.2604142711586871 1 0.3467379562860337 0.8465400671226955 0.36221991989994134 0.7964301956757747 0.2575709241582273
1 0.6763729610197823 0.2569901277293538 0.6856511428282442 0.35071647277968315 0.8545656007302749 0.36150693118351745 0.8007240995290026 0.256886368578216
0 0.5636815831733283 0.2531489586320498 0.5405044644515011 0.34397150147989436 0.6943263637690312 0.35167055909525435 0.6821856224456738 0.25737131153144865
0 0.4057696947187706 0.33541946982691645 0.5492123732975486 0.343456646814586 0.5703266780182813 0.2529105998395046 0.45525372131752284 0.2430584371086833
1 0.27616032292564585 0.3272699377490688 0.41208367970153187 0.33524548228885587 0.46038265980467574 0.24657604455647256 0.35692255459138406 0.24094623472505017
0 0.15397389201091713 0.31754245368658085 0.2818280644959739 0.32772743894626444 0.3617985016802166 0.2418728613879122 0.2554141893491104 0.239762023933412
0 0.36241989811144953 0.15968765875231547 0.43812880442162644 0.1634621548879437 0.47388706840513317 0.12594980189789623 0.4096980330206276 0.12152123531298363
0 0.5335813756083924 0.1302482701217143 0.5139436221405641 0.16489511802329695 0.4352153238857311 0.1632172049070864 0.47188369083259174 0.12451722019523782
1 0.5994750426450034 0.12881530698636104 0.5902423805237145 0.16632769972595546 0.5096872005470939 0.16475837889652045 0.5293679594825925 0.1301178201400851
1 0.5878975779777157 0.16639290484199654 0.6721370850518481 0.1658078268376862 0.666824985170906 0.12790490664291418 0.5958112851728489 0.13018306500567314
1 0.7570061826989906 0.16593903968470503 0.6685292528652084 0.16534617668016363 0.6631975190559715 0.12803494537968838 0.7386873953382185 0.12686363513559645
1 0.8110536583388256 0.1250378360741232 0.8459326339460957 0.16697876558647004 0.7542474213602658 0.16711627326355472 0.7345544067926018 0.12660086775841087
1 0.8874541838286697 0.1271203294018251 0.9368416524427519 0.16723773851148085 0.841667431292367 0.16698267231942887 0.8071446267475852 0.12503631034334392
1 1 0.1493278965732539 0.9566468388323923 0.127445671615735 0.8801475816957182 0.12562217108781742 0.9332320944864917 0.16724985433290712
1 0.11402147775314005 0.8244102734886176 0.4226495396509292 0.8777521198649062 0.396629162136772 1 0.013479068499852313 1