1 0.7296036749526754 0.3280913989069075 0.7546275952082868 0.4240164265534185 0.3323489408948414 0.39065119954593636 0.3714488162942344 0.30306747865129585
1 0.049265843003235305 0.2766533406037059 0 0.32392074553097217 0.3346949334188049 0.3878707639619796 0.37144881629423454 0.3058479142352527
1 0.8820001478354226 0.16700594515226935 0.9638972940158623 0.26763773261581625 0.8009059148528301 0.259787025792419 0.7547384059766018 0.16201004081010748
1 0.6375130790908744 0.16201004081010748 0.6475494940639676 0.25550482207056596 0.8021102846496013 0.259787025792419 0.7559427757733731 0.16486484329134282
0 0.5234994049965366 0.1591552383288721 0.5030251184514267 0.24265821090500678 0.6487538638607386 0.25265001958933053 0.6383159922887219 0.16058263956948976
0 0.3633182220259706 0.23409380346130065 0.5038280316492741 0.24622671400655097 0.5239008615954603 0.15844153770856323 0.4066755347097329 0.16058263956948973
1 0.30470555858310683 0.14844972902423942 0.22883026138652293 0.22624309663790332 0.36572696161951296 0.23195270160037412 0.4046682517151142 0.1612963401897986
0 0.101969976126626 0.21696498857388838 0.23204191417791267 0.22624309663790337 0.3043041019841831 0.14916342964454823 0.19269916748338772 0.14773602840393055
1 0.9239971539790787 0.038703112410779825 0.9771742787156114 0.07169592954783804 0.886166447790673 0.06979249778993085 0.8479788481476599 0.036165203400236885
1 0.7683916077701648 0.029185953621243814 0.7980137645025956 0.06915802053729515 0.8883078085183187 0.06979249778993085 0.8483357416022674 0.03743415790550836
1 0.6966560233940371 0.034261771642329686 0.7116455484875562 0.06788906603202363 0.7997982317756337 0.06915802053729514 0.7680347143155573 0.0291859536212438
1 0.6227790782902637 0.034261771642329686 0.6281324801093776 0.06788906603202365 0.7137869092152018 0.06788906603202365 0.6977267037578598 0.034261771642329686
1 0.5535417480963891 0.03172386263178677 0.5460469855496295 0.06725458877938793 0.6292031604732004 0.06725458877938793 0.624206652108694 0.03299281713705823
1 0.4853750982663373 0.03172386263178674 0.46717353208134954 0.0634477252635735 0.548188346277275 0.0672545887793879 0.553541748096389 0.0329928171370582
0 0.38972765243150015 0.05900638449512338 0.46860110589978 0.0653511570214807 0.48608888517555243 0.03045490812651529 0.4172084484362854 0.029185953621243828
0 0.31370934660008126 0.05837190724248763 0.392582800068361 0.0596408617477591 0.41649466152707026 0.028551476368608098 0.3526107331523097 0.027282521863336583
1 0.0542824109395345 0.7520576123838072 0.3795543934446796 0.797709458052473 0.3332736426645738 0.998444954300605 0.00005233873888300285 0.8569430220832845
1 0.7178240776062011 0.8502057605319553 0.7322135643947558 0.9935089086988355 0.31476135506391534 0.998444954300605 0.36474455065276895 0.7977094580524728