1 0.2752130826314291 0.5917508602142334 0.19566758473714194 0.935185229336774 0.4844933350880941 0.872895602826719 0.45229641596476244 0.5614478234891538
1 0.0888967514038086 0.6256313059065077 0.273319164911906 0.5934344839166712 0.19945549964904788 0.935185229336774 0.0015388329823812145 0.7988215993951868
1 0.1588278303041198 0.3320138167822105 0.2492624991261778 0.32039285287430724 0.22030611719122434 0.3726392168428871 0.11398868710097985 0.3872374143935775
1 0.25103606786803395 0.40322364910184716 0.23569261462485222 0.44653898674649717 0.5067604157654652 0.40915899160976715 0.4953949231063086 0.37076880252627303
1 0.3257591516867234 0.35804095481152876 0.22160263804259098 0.3718708652031134 0.24969466065317475 0.32039285287430724 0.33644951571403503 0.3099170034742697
1 0.42184748764820296 0.2979118656064989 0.42704203321133344 0.34242318072348893 0.32730711412791064 0.35719873979156397 0.336449515714035 0.30917821932080175
1 0.5029859922062251 0.28470622480206337 0.5242836080898439 0.3283864213090424 0.42704203321133344 0.34242318072348893 0.4212241603158151 0.29735779686659863
1 0.49482662939669064 0.3684956488840898 0.5053397768747213 0.40524420656568877 0.7576544578977452 0.35574099382364466 0.7235578845369744 0.3294740011491753
1 0.5829817009254019 0.272516402521046 0.6177850794725822 0.3113945717812057 0.5238679984093165 0.3283864213090424 0.5035054955880439 0.2840598061054595
1 0.6635488075640015 0.2593107617166104 0.7155460182314662 0.29726544690989504 0.6174733634933463 0.312040974977649 0.583812850535734 0.27214703369455284
1 0.745830107960869 0.24407348386533861 0.8098786392245368 0.28175111918851253 0.7134682139563585 0.29726544690989504 0.6631851970471616 0.2588490429334137
1 0.7576544578977452 0.3567512937518546 0.9986036462616127 0.32038159854333453 0.944617365364017 0.29310434833323357 0.7235578845369747 0.33048430107738525
1 0.8206832354052416 0.2328994801077393 0.8992245020570597 0.2647592851608364 0.8098786392245366 0.28175111918851253 0.7458820722491952 0.24555105217227458
1 0.8972505566078823 0.2196938393033038 0.9937649104527132 0.25229238200938714 0.8998478293894474 0.2663291414238336 0.8204754828780196 0.23308418002114645
1 0.9050117117503821 0.14996734856350377 0.9511716663911154 0.14192910497740785 0.9992212220066271 0.14960743607528923 0.9625092269310476 0.16160481771783214
0 0.5761558069367544 0.19615729255538528 0.6340582010122915 0.18979868421159493 0.6621321075843091 0.2037156561800647 0.599235784257121 0.2123537774066052 0.5768306579550696 0.1969971152108424
0 0.5212227664035525 0.20407556866827925 0.577910433176996 0.19555742498354942 0.599775683195269 0.21187388737658 0.5393088371266379 0.22291147889046378
1 0.46740323344872625 0.2100142757529497 0.5225724684401831 0.20467545637733253 0.5403885896941945 0.22195167869319596 0.4774922890213762 0.23058979991973644
0 0.45370555962466547 0.5594438331571429 0.6196527330735065 0.5283348521481124 0.752643796587336 0.8186856703296979 0.4827730541856943 0.8739905963667384
0 0.8078622915442482 0.5034476325305857 1 0.7592329807212156 0.7537617947198839 0.8214509427392767 0.6212082314385531 0.5338653389500994
1 0.4148011089440632 0.2389044527813942 0.4764962771766463 0.2301533765478605 0.46665128887318097 0.2091507837951165 0.410863141163417 0.21673505068020094
1 0.3544186976210752 0.22373591901122528 0.3514652011300355 0.2470721304608678 0.41414478557074547 0.24007124988951464 0.4111912890797058 0.21615163988581193
1 0.2983023744542823 0.2313201736559809 0.2855039447412572 0.2529061649627851 0.3517933490463244 0.24648873190680756 0.3550750209943929 0.22490271611934565
1 0.22118351055614316 0.2622406642310367 0.2864884160308639 0.2540729865515632 0.2992868732846289 0.23073677510192067 0.2398889332512475 0.23832102974667632
1 0.17799139521818563 0.24824339796771602 0.15205647609577674 0.2727430582778301 0.22139340142763136 0.26235284700576406 0.24025519524525318 0.23826645625505632
1 0.12064229940791499 0.2553866682172614 0.08298516194468256 0.28171641895502253 0.15099383071796335 0.2727430582778301 0.1775596976236028 0.24865665761824476
0 0.06986825916824863 0.34370346402982266 0.006010524516922943 0.4009086631191184 0.11519630594467341 0.3857956429544807 0.16009267742149003 0.33101088540440343
1 0.062064549838419816 0.2611130977808109 0.012917663735273493 0.2903946139853068 0.08278592290352212 0.28236580715952664 0.11971250978417475 0.25544570531019406