1 0.7620245045922621 0.3908400303666203 0.7920480361970328 0.5031367680285579 0.3623364846743287 0.4808997953129655 0.4092466005466034 0.3724937393299444
1 0.0033300411081940893 0.45794525414691506 0.1034704322013539 0.3613752529721482 0.41668220181336124 0.3775010942325641 0.3730565454600652 0.48367860290790665
1 0.9182257689035523 0.24435653348141165 1 0.3499268194888932 0.8329598135554034 0.34654193720047516 0.7838159166042793 0.24929550118536042
1 0.6631190022797038 0.2532771601279428 0.6735133478621819 0.3420947940656764 0.8416403440221975 0.3471046740787196 0.7927012615259496 0.2504465768390982
1 0.5151888349143835 0.12446654631465316 0.49689056860269015 0.15963017241868624 0.5791276693731208 0.16034786256643302 0.5867333708761163 0.12095016134783265
1 0.6531675855356522 0.11508958307964721 0.6603924757072304 0.15653844086145724 0.5750290707806749 0.15933712450232237 0.5829418352709743 0.11889897124999722
1 0.6557842885686316 0.15552772515376376 0.6495200282093876 0.11655473323579786 0.7248560871992699 0.1150895830796472 0.7439785992879945 0.15523472195023424
1 0.7953067361883239 0.11054526000173434 0.8328923612287497 0.15274158897015683 0.7399174224872056 0.1542067391263075 0.7217840153925125 0.11347556031403563
1 0.8718085895453078 0.10812979804300145 0.9210800659076523 0.1494789552917603 0.8282883974256535 0.15267038738204047 0.7944943205673619 0.11340433636950212
1 0.9997059782350455 0.14094456617353546 0.953376365486227 0.10790884336919333 0.867152412917889 0.11055040872061625 0.9190798968708734 0.15128158753288812
1 0.2629140679032337 0.32785063662856395 0.4004497627649771 0.33340697676743125 0.4472692320077754 0.25161056079765315 0.3393227754940573 0.2451230482852708
0 0.5494064167595674 0.24993213875241163 0.5292879914754712 0.33789738564023153 0.39226520305405965 0.33161415371967295 0.43563318196501805 0.2575940469559429
0 0.1400739543427262 0.32414791326155606 0.26951300704018827 0.3284679972880827 0.34175395104554396 0.24944463177890114 0.23339252178859732 0.2451230482852708
0 0.5500671696148027 0.24984311779611212 0.5290132288745313 0.338193504778543 0.6819705407738812 0.34358982016158757 0.6701065619180661 0.24781041964118355
1 0.09791664282480879 0.8361111128771747 0.415248830523017 0.8802124082431361 0.3892116663108546 0.9968449763179033 0.008027598136619159 0.9986962577767344
0 0.4223341269435171 0.15982141379060646 0.4526914756158824 0.12168168613255809 0.5204444885494657 0.12285381072876204 0.5016516697407565 0.15977559019247534
0 0.35020014990318743 0.15615746575046274 0.396972456057756 0.11640714780605742 0.4574721036380636 0.11904442255841206 0.4264804573908822 0.16094771478867928