1 0.25957007565198487 0.5010114476076406 0.17181066912202808 0.7723926483951127 0.4474493685048501 0.7603068459308931 0.43323481674295566 0.5021101569225697
1 0.7057833961775397 0.755912008671177 0.5970111739995652 0.510899831442002 0.43138074477401295 0.5021101569225698 0.4499214644634405 0.7570107179861061
1 0.944340656181507 0.7493197527816028 0.7521351954011085 0.5010114476076406 0.5926850060720322 0.5065049941822858 0.7033113002189495 0.7570107179861061
1 0.9004609529165285 0.49991273829271166 0.9968726953015513 0.5878094834870344 0.9449586801711545 0.7493197527816028 0.7490450754528707 0.5021101569225696
1 0.6835921455837453 0.3475471309272372 0.7163884452512581 0.384028179346966 0.948637548371588 0.3853310739333849 0.8922059265973201 0.3527587092729127
1 0.46511988395604553 0.34599394132685246 0.4724074766078914 0.38105059617494774 0.7170562487495631 0.38371795034817235 0.6827616950938179 0.349804447288602
1 0.2070533676965622 0.37266748305909886 0.22720141796931256 0.3376108282110037 0.46430538830672163 0.3467560425192024 0.4720216628792643 0.38028849498259787
1 0.330942442777942 0.27397537864978744 0.31920727519886677 0.30693625521892043 0.41642161776488734 0.31093728647875735 0.4129921623993128 0.2743564292459623
1 0.35325831316882894 0.20728448555947174 0.34942123969012057 0.2224677440558661 0.41007175596647844 0.22576845242464752 0.4067297887430873 0.20838472168239885
1 0.4692369534768854 0.22950925524259982 0.4603250408811756 0.21080524115283855 0.40660601217925835 0.20772458000864258 0.40920532001967364 0.22620854687381836
1 0.512063644561824 0.2138859022970345 0.527659491604316 0.2314896802638686 0.4696082831683732 0.22994934969177064 0.4599537111896876 0.21080524115283855
1 0.4927945707508631 0.2786744535373195 0.5103368987103157 0.3155830823939049 0.41667052373415564 0.3121497215700365 0.41248611523006606 0.2763855463214072
0 0.21903769131023013 0.3024218659024094 0.31994631177423766 0.30785802054020095 0.33137296576617475 0.27323829889952783 0.24494883627786207 0.26837437106571427
1 0.15981221709850005 0.26293821642792264 0.11587592780555893 0.29841627827456285 0.2214517731395126 0.3024218659024094 0.24398320354614905 0.26923271127168136
1 0.071778699723999 0.25921874220206514 0.008755070100864456 0.2955551442546725 0.11738875241857595 0.2981301648725738 0.1597478415830525 0.26351044323190065
1 0.15450123707407856 0.21429893808978676 0.18556242327751313 0.1985627009803899 0.2407644277737724 0.20228217520624733 0.22177365071675031 0.21716007210967708
1 0.570077845981014 0.28078870335957584 0.6030575560790891 0.31828037681951926 0.5106246270967287 0.3162861388695223 0.4922277820080065 0.2783956178195795
1 0.6907790979045817 0.3198757671795168 0.6459087440296494 0.28358063648957166 0.5705265495197632 0.2811875509495753 0.6032819078484638 0.31828037681951926
1 0.7188230690764142 0.2855748744395687 0.7744623078813303 0.3206734623595157 0.691227801443331 0.32027461476951624 0.6454600404909001 0.2835806364895717
1 0.7921860976619285 0.28717026479956625 0.8608377390905748 0.3218700051295139 0.7740136043425809 0.321072309949515 0.7185987173070395 0.2855748744395687
1 0.8655491262474426 0.2867714172095669 0.94339919022045 0.32386424307951084 0.8608377390905748 0.3214711575395144 0.7915130423538045 0.2871702647995662
1 0.9315085464435932 0.2883668075695644 0.9985897254866167 0.31469074850952466 0.9429504866817008 0.3242630906695102 0.8655491262474426 0.2875691123895656
1 0.5884746910697362 0.23571892568964395 0.5613281269754021 0.2133834606496777 0.5133168483292248 0.21298461305967833 0.5281240651079523 0.23173044978965002
1 0.6385051356402855 0.23252814496964877 0.5886990428391108 0.2353200780996446 0.5597576645897795 0.2149788510096753 0.6156212551640702 0.2149788510096753