1 0.7984785023461893 0.5029673560027994 0.3659274888715397 0.4778279496952216 0.41346475519927445 0.37553786672076417 0.7665991604766305 0.3885065700318064
1 0.10922927925441961 0.3638235787969286 0.006805500208592304 0.4599993167518376 0.3753098365328944 0.4789397813655373 0.4203451339400504 0.3788734041453712
1 0.6681381445265553 0.24467764779604415 0.6785987113926918 0.34083485477080533 0.8442398141725598 0.34421434489047087 0.7948004794520955 0.2465680819566982
1 0.9202999836134228 0.24206024300996806 1 0.33559017107629563 0.8383236552377682 0.3449643873708044 0.7912372393086499 0.24843327329349696
1 0.584368380763189 0.11927148628440831 0.5748517132533968 0.15830952889781455 0.6617830590314934 0.15408120812513101 0.6571467505419982 0.11591066433261696
1 0.7280037242598554 0.11319889525928667 0.7482571443802587 0.15310445324006453 0.6587879727492661 0.1539763557494999 0.6533345198131394 0.11536767540447589
1 0.7956476175907089 0.10484099306800451 0.8361036749865618 0.14995955332328376 0.7444756115585401 0.15288980143200387 0.7226424616893339 0.1102487823940323
1 0.87278606614911 0.10474350739439016 0.9274458823892037 0.14768536088772885 0.8317911993147845 0.15028789044336416 0.7939685611893968 0.10777980290695097
1 0.9997559680862191 0.13120263509358643 0.9230535685794471 0.14898662566554643 0.8686377842531343 0.10647853812913323 0.9537997280137017 0.10127346247138326
1 0.5192640160202747 0.12285075417863077 0.5003489513416167 0.15855278613655374 0.5790481859604036 0.1592862672364017 0.5880768082596556 0.11894695984517772
0 0.4231445224818187 0.15980925785401406 0.504057891464305 0.1592862672364017 0.5238232477571467 0.12154948940081306 0.456230540618585 0.12154948940081306
0 0.35195966196106776 0.1567885148576571 0.42980109511672154 0.160258559780664 0.4612792758242338 0.1220880325346293 0.3961267388873098 0.119485502978994
0 0.39619571027857564 0.33117734143183003 0.5384743684669274 0.33690435931701285 0.5608699187965643 0.24676934737814574 0.44973704563558037 0.2452670914485349
0 0.673270512671564 0.24376484984549837 0.6842570601549179 0.33915772888485474 0.5315109508332614 0.3363500489785648 0.5553767095322015 0.24451596348372948
0 0.27295729037874306 0.3295778765778624 0.14422366797646338 0.3247778464613718 0.2302788533979997 0.24995859883997393 0.3460598961428599 0.2492074708751685
1 0.2664853567711645 0.3278479796092531 0.4039504013959615 0.33258235978393547 0.4521221121183817 0.25221198273439016 0.34056662240118296 0.2469541299604752
1 0.10572604876115692 0.8344087198061007 0.41735689595971903 0.8776588279223878 0.3873333643549485 0.9955147663495643 0.014541402960790132 0.9988503037741712
1 0.757129972915046 0.9317239652445901 0.7657547677506813 0.998850303774171 0.37294707885243583 0.9999621778581462 0.401719649857461 0.8765469538384124