0 0.4620473629532041 0.5221319052653389 0.46760103016632565 0.8577880902335546 0.7647234018713466 0.8841141940109211 0.6406910558798593 0.532004165937141
1 0.285141669480094 0.5081236722475438 0.17662386482351042 0.8403347796042201 0.47766956221801304 0.8552974852512916 0.4702646090435978 0.5212866676468062
0 0.7471366936944152 0.8758873007028494 1 0.872596452996547 0.8424751241965674 0.5303587985734107 0.6314348803010702 0.5336495333008712
1 0.09676049293077844 0.49259887310214473 0 0.6364690201668981 0.1820856548788285 0.8256895396759759 0.28940183794750995 0.5082369325657049
1 0.7599241218994884 0.3675450001343931 0.7843067140459961 0.40186124093318165 0.5298134085168226 0.37838170775506313 0.5232097898104766 0.3485807617982205
1 0.2786432484529306 0.32139331483779787 0.2579121907680325 0.35864482111986085 0.5326072472002764 0.3819939436286199 0.5237177604801956 0.3485807617982205
1 0.0213347681281942 0.2925911057580918 0 0.3079431082207077 0.26008098289608156 0.362126646324058 0.2783679270059623 0.3214889927465453
1 0.8653300763393766 0.3003741059799297 0.9438887830873403 0.3537115640511322 1 0.3396753908744999 0.9430992483461548 0.30458495793291934
1 0.7863766022208206 0.28984697609745547 0.8503289162568511 0.34458805148632116 0.9442835504579331 0.35441337270996376 0.868488215304119 0.30107591463876127
1 0.7018963849139652 0.28423250682680257 0.7524266083498413 0.33546453892151024 0.8503289162568511 0.3431844341686579 0.7883504390737844 0.2912505934151187
1 0.6225481434248162 0.27721442023848647 0.6529452309604604 0.3235337917213728 0.7532161430910269 0.3347627302626786 0.7026859196551508 0.2849343154856342
1 0.5385161405996625 0.26978499411646495 0.557274628471823 0.31699736808684637 0.6538070716791206 0.3259902012240618 0.6211377950478298 0.2784031258729632
1 0.4556837166248416 0.26154156374068405 0.45821295094468345 0.30538162528460966 0.5574853979984764 0.3162479653254117 0.5404130663395439 0.2701596954971822
1 0.37158667549009977 0.2510499250805993 0.35662203909770207 0.2952646880052422 0.45821295094468345 0.305756326665327 0.45526217757153464 0.26041745959853213
1 0.28348501334894166 0.23980888365907993 0.25313420151083943 0.28027663277654974 0.35767588673096956 0.2948899866245249 0.37158667549009977 0.25217402922275123
1 0.19432950357451617 0.2281931408568433 0.14817097723740222 0.267536785832161 0.25292343198418593 0.28027663277654974 0.28369578287559516 0.23905948089764534
1 0.10664938048666504 0.2165773980546066 0.03983544053750928 0.25517164026848976 0.0006323085799604758 0.2135797870088681 0.01580771449901163 0.20571105801380452
1 0.052903151190025546 0.1532528647133808 0.10222322042694179 0.13789010810397098 0.16060637930995805 0.14613353847975183 0.12308940356563713 0.16112159370844434
1 0.2189895381929743 0.15325286471338082 0.19116796067471384 0.1693650240842252 0.12266786451233017 0.16187099646987896 0.16060637930995803 0.14650823986046918
1 0.2788480837625649 0.16037219094700975 0.2579819006238696 0.17873255860215803 0.18948180446148596 0.16973972546494254 0.21941107724628126 0.1532528647133808
1 0.3389173988588091 0.16861562132279062 0.3245850710463719 0.1866012875972216 0.2588249787304836 0.17760845446000612 0.27948039234252536 0.1596227881855751
1 0.39624671010855794 0.17498554479498493 0.3903451633622602 0.19447001659228516 0.32437430151971836 0.1869759889779389 0.33912816838546256 0.1682409199420733
1 0.4529437127783462 0.17910725998287533 0.4552621775715346 0.2042122524909353 0.3909774719422207 0.19521941935371978 0.3960359405819044 0.1746108434142676
1 0.5071114811282927 0.18322897517076578 0.5189145746208881 0.21245568286671618 0.45462986899157415 0.2045869538716526 0.4527329432516928 0.17985666274430998
1 0.5631761752181206 0.19484471797300246 0.5817238935636275 0.21770150219675852 0.5178607269876206 0.21208098148599883 0.5075330201815997 0.18660128759722158
1 0.6177654826213741 0.19859173178017558 0.6422147477131788 0.22444612704967015 0.5808808154570136 0.21882560633891046 0.5635977142714276 0.19559412073443713
0 0.7056563752358787 0.22969194637971252 0.6417932086598718 0.22369672428823553 0.6188193302546415 0.2012146414451968 0.6757271024510833 0.20608575939452184
1 0.8403381027674577 0.22519552981110477 0.8953489492240181 0.25367283474562047 0.9579474986401041 0.26154156374068405 0.8957704882773251 0.23268955742545103
1 0.9516244128404995 0.2349377657097549 1 0.2592933554563802 0.9583690376934111 0.2611668623599667 0.898299722597167 0.23306425880616832