1 0.3666297297225597 0.4959855336903573 0.2790689231131387 0.7362152543319085 0.5587211334094886 0.7710596273843416 0.5406692772181805 0.5180808918687453
1 0.2810481440689446 0.7363097014379004 0.36804592052495655 0.4984729843752036 0.18957307576335 0.4782616126990264 0.003581880143074804 0.7006341205986075
0 0.8430409882083063 0.8100066638449406 0.5553926971628325 0.7692113178838159 0.5385943404126293 0.5185568182795505 0.719277485290105 0.5361179213635128
1 0.915308228921053 0.2934254895607668 0.9656710794679725 0.31622039404527 0.9995049889112985 0.31256231018503167 0.9724512208761087 0.30080504174961553
1 0.9986048367644497 0.38622822412887825 0.9217200218603258 0.3861704564528597 0.8590937414377459 0.343544487771092 0.9387484566148367 0.35292889196290034
1 0.7720346775540214 0.33414611775488406 0.8185525831193243 0.37314025992262073 0.9265454456663389 0.3872311313922791 0.8594398479269466 0.3446866782228198
1 0.7207008972674344 0.3626116837039989 0.6874008257248061 0.3260027152736464 0.7717380175434471 0.33467327845370487 0.819245284134719 0.3731724164951155
1 0.6869797388496833 0.3262165112420518 0.7203857757674589 0.36194897911554147 0.6197912999499795 0.34948710677768796 0.6031067312834232 0.31464071870174604
1 0.524173927545068 0.3405523251662187 0.6191615229354802 0.34986030410008356 0.6031708866355461 0.3142666066240994 0.5208916377571986 0.3045099716171393
1 0.4377847980751955 0.29646050735143176 0.42789850381202904 0.3253751683749495 0.52406462675112 0.34024045328060426 0.5210371287407249 0.3058379324641604
1 0.3547136266779037 0.2841475387557049 0.3289792272763271 0.3123172369983922 0.42807269649497853 0.3256783597924879 0.4380606103216374 0.296961923471275
1 0.269131905668982 0.271981978995591 0.231200322034599 0.29730829943865666 0.3307426917883145 0.312065370199667 0.3543096552262742 0.2849442682074402
1 0.3881742650068264 0.25062449493417704 0.4047823090594163 0.22956320268487412 0.45956672217954975 0.23575976306306232 0.4551007748372644 0.2532623105532946
1 0.3455578953131113 0.2223051820538497 0.32788816133075127 0.2376700374293416 0.3883426239244193 0.2509539927284003 0.40394378676030485 0.23016172093586537
1 0.514937365016707 0.24137341007774818 0.5165472649850581 0.260641479444172 0.4545712621453522 0.25351713577759166 0.458664018492691 0.23689366344762378
1 0.5789409445855327 0.2685186917027246 0.570163672236027 0.24796722991100936 0.5145054377617425 0.24099441439233435 0.5163641574105919 0.2602614085096075
1 0.6413894807872026 0.2736209554283656 0.6226062627484795 0.2537908225197564 0.5704589348505171 0.24938693535017964 0.5784101117667196 0.26773646755667785
0 0.7043897762217112 0.28073574289091485 0.6782466312277257 0.260304058310865 0.623517756577866 0.254799202848787 0.6414853430848286 0.27333221343786873
0 0.7717794365020664 0.2915226787212314 0.7344818462212431 0.26745643794052654 0.6795464506674079 0.2606671218037922 0.704019548067076 0.28158556835981735
1 0.2644490723363661 0.22635126336771969 0.28797858649801583 0.21416978363430555 0.3449983630677116 0.2238846831080385 0.3270595579810824 0.23951960614387763
1 0.3534639376707844 0.3461595788892585 0.335496773609493 0.37866731736360604 0.061518791579200136 0.3421531907984392 0.10893806948860899 0.3145335389737721