1 0.12665716807047525 0.734427602202804 0.42578125 0.7803030808766683 0.37275091807047533 0.9924243379522255 0.0024857918421428296 0.9739058194337068
1 0.4238872528076171 0.7803030808766684 0.7704781691233316 0.8308081185376202 0.7884706656138102 0.9924243379522253 0.37464483578999824 0.9974748558468289
1 0.4198077945889226 0.28720798956675037 0.7857341828373858 0.29168562221933525 0.8087619733976273 0.3837968649840893 0.38346706638559447 0.36716569633343554
1 0.027975172156608875 0.3492551657230959 0.10713327769849045 0.2724957833318361 0.4187283933282796 0.2878476705465932 0.3834670663855945 0.36716569633343554
1 0.8135398259179986 0.1238225417429395 0.9453609932680872 0.12132948152006494 0.9972479758843276 0.18614934371953865 0.8593499971251712 0.22105232632436378
1 0.6872696305421919 0.1271466336638207 0.8130723607803603 0.12631563683695932 0.861687244353286 0.22354540398281095 0.6994817845776282 0.22188337545794296
0 0.5484367215077589 0.22084456404096892 0.5699979036856928 0.12797768279739996 0.6877955092070159 0.12548458770338014 0.6985468935323901 0.22105232632436378
0 0.41071402256019773 0.21596232473691723 0.4574591632726855 0.12205663207637424 0.5691798396948258 0.12538072399725536 0.5476771495041544 0.21928641665779838
0 0.15688820075517546 0.21430026134090396 0.24289913805303384 0.12371866060124206 0.35742460530100395 0.12454970973482131 0.27889289444014753 0.2159623247369172
1 0.4108893023717929 0.21741659097839033 0.4574591632726855 0.1336909712350309 0.34994539847902123 0.12704275252212333 0.27749053825727094 0.21513127560333792
1 0.5282749810665986 0.003479240474965274 0.5992358069114907 0.0013796939049311044 0.5943768523943768 0.032093018296456666 0.5136644078131773 0.035452308918285304
0 0.4383508166872397 0.036412068841118146 0.4591362914835865 0.00761834484412825 0.5290510744630016 0.004259094496734573 0.5139344025909907 0.034972398751042626
0 0.3634758594669929 0.035812201269282334 0.4032584504629952 0.0008998038749059528 0.46372529653162625 0.0028193841322240957 0.4370011146506091 0.03785177920562864