1 0.7620794424306963 0.39668489936688384 0.7911072584487615 0.5108991059048968 0.36369966518512886 0.4763520342249436 0.41015389719551437 0.37656191210615825
1 0.1053539218472963 0.3594193706166625 0.0004761134223556655 0.4535468099080932 0.37371782958443933 0.4809625658789135 0.4174169295025831 0.38043812731923904
1 1 0.3584504951819184 0.9170108656902072 0.2545857551319017 0.7861641428880982 0.2558134359325275 0.8333433223936143 0.35304800844340434
1 0.6623224365767544 0.2511024068346286 0.6743275045980377 0.3480697974915984 0.8394592795987348 0.3530524256205182 0.7897188347191857 0.25155350622149253
0 0.5518382058183494 0.2470391409294291 0.5287622339324258 0.3412008241412678 0.6812648526749268 0.34763584434638833 0.6700986105981891 0.25064798764935625
0 0.3927260775114957 0.332904889915284 0.5358324491354246 0.34199932778194525 0.5579111013751635 0.24816921841797643 0.44142713275743567 0.2486203264090096
0 0.34735741505350787 0.24456037600013383 0.2691938754099613 0.3271128243070339 0.14052900824390965 0.31944335375396316 0.24077078064596372 0.238695985022956
1 0.44731173243177125 0.25324168701516686 0.34194467269927153 0.2427153069546315 0.2630691060379402 0.3258697982380979 0.3982693640300333 0.3333114072846879
0 0.34829922028629023 0.15835211303240582 0.37958935890702405 0.13085702233880844 0.44930043477720816 0.13085702233880842 0.4201212843626312 0.16291224408487193
0 0.5205620318562704 0.124033759001603 0.5020362519407545 0.1628289257720898 0.4214309048931202 0.16126924451271502 0.4543260364136491 0.12358264240640053
1 0.5857945225987107 0.1251618549361084 0.5784349653982302 0.16215255532578526 0.49697254668055724 0.16181440451931003 0.5170209889295548 0.12482368692129468
1 0.6550756039251263 0.12189115902265639 0.6605954412320122 0.1610225122539151 0.5750723637496873 0.16192476265265865 0.582939029764494 0.12313025640018578
1 0.7254697716127102 0.11895864833235671 0.744503099185486 0.16046041142402714 0.6556371817092274 0.1603546637748861 0.650097792488348 0.12211637845708138
1 0.830355552065258 0.157964094170048 0.7406338082038484 0.15921806308144357 0.7213467068024428 0.11997181413243141 0.7955770134684685 0.11580156151730742
1 0.8732332055145202 0.11692833641578486 0.9203013789446967 0.1570848877089902 0.8283145408257482 0.15888125051933494 0.7922781150326403 0.1178305523978513
1 1 0.14862002773781835 0.9173408497551617 0.15944661952261555 0.8678541980659449 0.11794480480592939 0.9516008587478602 0.11704258882386304
1 0.09862301234472967 0.8317877982709122 0.4117515363349687 0.8833408609121294 0.38582693060372486 1 0.003439419901086301 1
1 0.7526372605857021 0.936738757280673 0.7598815625951213 0.9952558271770704 0.3673093752639415 1 0.39415984463440074 0.880049295960577