1 0.6044285472243461 0.5167044678026308 0.6543155923899917 0.8727421234775778 0.9675194759516985 0.886880802944814 0.7954453201629491 0.506421791826459
1 0.42584738554442564 0.5179898022996522 0.36077732663271367 0.8753127924716207 0.6557615936991411 0.8830247994537495 0.6058745485334953 0.5192751367966737
1 0.39978506075146936 0.313997595326951 0.3826309633533413 0.3666546431096891 0.6568212231912963 0.3562833803262204 0.6396628840274694 0.3007666207205936
1 0.15682721995737847 0.3217934969223069 0.11084287099832221 0.3742598851210311 0.38324866356323906 0.3669389937444649 0.39905218254660874 0.3143233189735557
1 0.8982083918538633 0.2887978323718563 0.9501084474117877 0.34164412217283896 0.6564151918428267 0.3558697720760225 0.6395436567543373 0.30073823731067306
1 0.8277350463766542 0.2110957053299298 0.8903441135256448 0.2617586746091129 0.7808861926824096 0.26667144738770043 0.7373189176801128 0.2166993367805061
1 0.6498389383395224 0.22337763727639845 0.6753143518691118 0.2732729858089273 0.7822679100263865 0.2675158302090201 0.7377938830171036 0.21838810242314555
1 0.5619703509959393 0.22951860324963277 0.5703901910608036 0.27979776215548874 0.6759620318741013 0.27288917543560015 0.6500548316745189 0.22337763727639845
1 0.47712427034230726 0.2341243277295585 0.4676249636024604 0.2844034866354145 0.5715991937367839 0.2794139517821616 0.562099886996937 0.23143765511626846
1 0.3922781896886752 0.23719481071617565 0.3661550961540964 0.28824159036868596 0.46870443027744296 0.2847872970087416 0.4766924836723142 0.23374051735623133
0 0.2659805887157115 0.28977683186199454 0.3668027761590861 0.28824159036868596 0.3920622963536788 0.2375786210895028 0.3061367490250642 0.2375786210895028
0 0.16602197461232318 0.2924635044752846 0.26598058871571156 0.2901606422353217 0.30570496235507105 0.23757862108950276 0.21869994835147383 0.24333577668941
1 0.13860352106776525 0.2452548285560457 0.0667110405139244 0.2970692289552103 0.16645376128231623 0.29361493559526597 0.2193476283564634 0.24295196631608285
0 0.9991578535759386 0.2550630978606208 0.8895867968862862 0.26229551084343616 0.8255799419883705 0.2116686199637288 0.9302691199146225 0.20636485044299757
0 0.7231153975360927 0.12891581510233613 0.7540635462372259 0.1548103524771034 0.8228198077746625 0.15174755773385137 0.7780264346546013 0.12418240504458299
1 0.6632864865855213 0.13337078927433912 0.6859964135170209 0.1606575060778573 0.7535936856800218 0.15481035247710342 0.7225828889045949 0.1294726868738365
1 0.5484838904421477 0.14061012230384395 0.5533391161999166 0.16984589030761343 0.6197773989884825 0.1648340443641101 0.6058382024581138 0.13726889167484171
1 0.6632864865855214 0.13309235338858894 0.6859964135170208 0.16010063430635696 0.619119594208398 0.16427717259260974 0.6054936380494983 0.1358767122460908
1 0.4923324792897017 0.14410230346947303 0.488955081552136 0.17303193257508695 0.5535861928028265 0.16975688022350802 0.5488271323544383 0.14055433008859586
1 0.4367589346988467 0.14683151376245546 0.4247845245383862 0.17630698492666586 0.489569153868057 0.17303193257508695 0.4923324792897017 0.14437522449877127
1 0.37980372739716933 0.1506524081726309 0.36076748560361677 0.17849035316105186 0.4252450787753271 0.17630698492666588 0.43660541661986646 0.14628567170385898
1 0.32453721896427484 0.15310869743631508 0.29628989243190657 0.18094664242473602 0.3613815579195379 0.1790361952196483 0.3799572454761496 0.1506524081726309