1 0.4358573282000258 0.3296332103705133 0.7898043415051653 0.34727375896228757 0.8238853741399446 0.4672355931235788 0.3857681213372454 0.43832752859330865
1 0.04265422272128102 0.4106099170710552 0.3944572414025881 0.4340224915999016 0.439559186081187 0.33130249274513013 0.14005379906927104 0.3175230011001239
1 0.7024415016106954 0.2997796823127362 0.8754558826931261 0.3049820081566441 0.8211840549780994 0.20152657624662065 0.6931592008474576 0.2009311383305416
0 0.7001389592899275 0.2028654749901445 0.5773813618913216 0.20346008767921425 0.5553050460595408 0.29443022682834097 0.7106743403732341 0.30022711999873936
0 0.5628130059792985 0.29563333627732 0.5825478557084508 0.20347397175005383 0.4694093824644706 0.19841877554663312 0.41856698983066976 0.28938896005833914
0 0.4480520865442852 0.11207886200109572 0.5274847289423756 0.11468556227717278 0.5492370325290749 0.07515050588986096 0.4781142869919563 0.0747160613681802
1 0.2941372605355484 0.2824028868723806 0.4250051242172258 0.2879020837660291 0.47685096951278294 0.200499348575845 0.37709062321624376 0.18786525303915264
1 0.5426610372796236 0.07732276993075532 0.5235951314306632 0.1135407015725131 0.6069403679585955 0.11207886200109572 0.6147614188384362 0.0747160613681802
1 0.6026061247693525 0.11186773492863089 0.6912611718183005 0.10947214515202244 0.6851509699912824 0.07080599438106841 0.6110952977422254 0.07384717232481858
1 0.685928848535337 0.10898831478590844 0.776908457987297 0.10577200148896951 0.7580685271036316 0.06831060879337292 0.680346771052076 0.0704828645477692
1 0.7727121784292106 0.1067243986058359 0.8673189469588275 0.1048045120964288 0.831585836056766 0.06428922711787961 0.7511755762838377 0.06602703835059505
1 0.863560884434411 0.10484012103068643 0.825904129620621 0.06276833665335815 0.9104693191771793 0.06320278117503894 0.9611221147895481 0.10425874459986835
1 0.9539763321113293 0.2027157789434705 1 0.2597950814942699 0.8666745980044926 0.3073611934147739 0.8188426143949811 0.20449945824165222
1 0.12786455949147546 0.7851851869512487 0.011152089625726447 1 0.3985850613190571 0.9988317232238749 0.43816158270519173 0.8359164830815724
1 0.4195312261581421 0.8430555573216191 0.38296276279175945 1 0.7922670159906021 1 0.7818521503057371 0.8970096893072032