1 0.39609376992764245 0.4997161026586397 0.3287035911242138 0.8706356234673104 0.638604921811335 0.8748612738246423 0.5876960832418344 0.5013615265117909
0 0.03892813634457364 0.8602336438319031 0.33975295285834217 0.8684605371399748 0.4052852469283246 0.501280453838373 0.1768448092611644 0.4916699421208212
1 0.7677110150534683 0.5226701730774442 0.9293739614163435 0.8849288477179752 0.6258987746625927 0.8769083604565612 0.5815354544978966 0.5240069209543465
1 0.875987593082557 0.2967580286723169 0.9218547546087681 0.3435442043638983 0.6337187497424706 0.3435442043638983 0.620936098169592 0.2994315244261215
1 0.3737045783365071 0.2994315244261215 0.35866616472135593 0.346217700117703 0.6361248959208954 0.3448809522408007 0.6218384029865016 0.30344176805682854
0 0.9711408243840793 0.25923878031355596 0.8635711556053229 0.26171164626249294 0.8029241182076452 0.2093693170099943 0.8856878504361283 0.200714286188715
1 0.7160132660863634 0.21020572949324431 0.7593271419878034 0.2627571618665554 0.8654564018979668 0.2605675188510007 0.8046938082163259 0.2087459674828746
1 0.6283039589540487 0.21283038424743356 0.6514886068859324 0.2600427582178149 0.7570841397393301 0.26116686235996683 0.7155625429885929 0.20983277320169508
1 0.5414669139728115 0.21620269667388936 0.5482115388257233 0.2634150706442707 0.6525424545191999 0.25929335545638027 0.6280931894273951 0.21245568286671623
1 0.45610525567814875 0.2154532939124547 0.4476744746120092 0.26416447340570537 0.5496869255122976 0.26416447340570537 0.5420992225527719 0.21470389115102012
1 0.37032205833017895 0.21470389115102007 0.3452404846584139 0.26229096650211875 0.4474637050853557 0.2634150706442707 0.4563160252048022 0.21507859253173744
0 0.2415418775448976 0.2585439526949457 0.34608356276502783 0.2626656678828361 0.37032205833017895 0.21395448838958547 0.2868573257753976 0.21020747458241235
0 0.13917365448968638 0.25677407709250266 0.24269885872728866 0.2591126388146567 0.2862399547916423 0.211873692027147 0.20310408556906973 0.20719656858283916
1 0.041041758223801655 0.2549032277147795 0.1407521836521403 0.2567740770925027 0.2025779091815851 0.20766428092726993 0.1147064524716508 0.2081319932717007
0 0.7987357562016782 0.14710739237477982 0.731130349487295 0.1482934087735119 0.7019193009045053 0.1251249121865328 0.7613772326902691 0.12418948749767122
1 0.6453553392499067 0.1253469083074512 0.6642976891993536 0.1496679502178522 0.7313851786036449 0.14873252552899063 0.7037609182607015 0.1272177576851744
1 0.5856379874635282 0.1261980848406256 0.5996353102539498 0.15285965206047608 0.6656226891230796 0.15063785479215522 0.6456265137081919 0.12841988210894648
1 0.5293987441091562 0.12753116320161814 0.5336479313848198 0.15374837096780447 0.600385166832008 0.15330401151414028 0.5861378918489005 0.12619808484062564
1 0.4716597875986674 0.12975296046993903 0.46866036128643423 0.15374837096780444 0.5338978835775059 0.15330401151414028 0.5288988397237839 0.1279755226552823
1 0.4154205442442953 0.1284198821089465 0.40367279118804866 0.15197093315314775 0.46941021786449255 0.1528596520604761 0.47190973979135353 0.13064167937726737
1 0.3576815877338066 0.12975296046993903 0.3391851254750353 0.15197093315314775 0.404422647766107 0.1528596520604761 0.4151705920516092 0.12975296046993903
1 0.30144234437943446 0.12930860101627484 0.2729477944132193 0.15063785479215522 0.34043488643846587 0.15241529260681191 0.3576815877338066 0.12886424156261064
1 0.08286514230809579 0.34188385757302414 0.3596034477521138 0.34281037209219223 0.3757595446801073 0.3015804759892124 0.12403713125362763 0.29926418969129215