1 0.8557005377625252 0.545458978813073 0.8087071020177696 0.8816692100417083 0.9067733250260721 0.891401637522599 0.9527557624503971 0.5450103709510713
1 0.7675586606296481 0.5446352805674205 0.7197808809516001 0.8798702579834728 0.815336440307696 0.8831649378517948 0.864761780341263 0.5462826205015815
1 0.6796203837592246 0.5442731264900422 0.6332866207370121 0.8798702579834728 0.7271946763003583 0.8815175979176338 0.7757962361561658 0.5446352805674206
1 0.5934060372033868 0.5452001624745136 0.5476161407001838 0.8757519364266427 0.6398766359080106 0.878222861492168 0.6876544721488281 0.5446352805674206
1 0.5062646546630776 0.5433460905055709 0.461945547537816 0.8732808416896851 0.5550298794861722 0.8749281816238461 0.60198393554923 0.5421642423876072
1 0.4200503081072398 0.5396379465676854 0.37133249955996916 0.8773992198036596 0.46935939944934385 0.8732808416896853 0.516313398949632 0.5421642423876072
1 0.3282737456445737 0.5396379465676854 0.28071945158212225 0.8765755215580071 0.3795700750864869 0.8765755215580071 0.42734785476453474 0.5405169024534464
1 0.2411323631042645 0.5387109105832141 0.19422519136753422 0.8821667970799197 0.28648574313813074 0.8788721172115981 0.3342635228161786 0.5428135051766804
0 0.10937840666431098 0.8764011073103568 0.15797996652011848 0.5354004330550983 0.25188805036484946 0.5378714570956256 0.19999145464215787 0.884637835259733
1 0.1298880449676996 0.08909845811459746 0.0821945092397878 0.42531897790108586 0.1818688563591424 0.4261426195895943 0.22964663603719032 0.09914439840149043
0 0.2235186793993084 0.09651474599036847 0.17610259308451878 0.4253189779010859 0.2642443570918564 0.42861365776940774 0.31284597351043364 0.09832074257369605
0 0.39965551644886954 0.10022288992825397 0.35073861730644446 0.4269663743923909 0.2617730731213472 0.42943729945791614 0.31037463297715473 0.09502603442680221
0 0.4867968989891788 0.1057851058350822 0.4405279982320712 0.42861365776940774 0.34826738989870487 0.42861365776940763 0.3976926733695024 0.10161542244201782
0 0.569303101607131 0.1057851058350822 0.520432186712891 0.431084695949221 0.4413517218470611 0.42861365776940763 0.48501071376185 0.10655747052307243
0 0.8353624291504154 0.10763917780402496 0.7898000466759225 0.4327320358833819 0.8771181436310398 0.4360267157517037 0.9224246959013481 0.11314684439900202
1 0.7500751185790491 0.10856621378849633 0.7024820628463444 0.4327320358833818 0.7898000466759225 0.4360267157517036 0.8367541593017499 0.10820481045723332
1 0.658298556116383 0.10485806985061083 0.6102214545129783 0.43190833763772946 0.7057770704318436 0.4327320358833818 0.7519074028799115 0.10573378641670599
1 0.5702301375916025 0.10485806985061083 0.5220796905056406 0.43190833763772946 0.6126927384834875 0.4343793758175428 0.6588230143687858 0.10491011644962556