0 0.87136454633013 0.22407287809584828 0.9058007486662373 0.3345841161393307 0.9769282426395198 0.3363407700011619 0.9391417614662135 0.22523241324034032
0 0.7958513488063155 0.22668369238402938 0.8347808238784662 0.3386883255362075 0.9029446722695287 0.3373708351398342 0.8634293978399272 0.225384151448097
1 0.5454414779421696 0.22874806365088338 0.5797333745144482 0.3431985761567328 0.6566373189229733 0.3407456474413728 0.6231858274089511 0.23220355178669025 0.5506198111210844 0.230273828832524 0.5456804018173841 0.230273828832524
0 0.6280318395884905 0.2306674418070508 0.6609900425355322 0.33880396623418174 0.7405145323251052 0.3440739278196753 0.7042098739429089 0.23076975373156475
0 0.7081606249777608 0.22959568700794872 0.7446215021723372 0.34686848679957627 0.8253808442878354 0.3464293233341185 0.787100422184159 0.22917267805688782
0 0.5011646416519595 0.34646719018907174 0.47047203603600096 0.23179277274598903 0.5463413982327523 0.23179277274598903 0.5801377504840325 0.34401426147371167
0 0.3863408085660359 0.23408417523230102 0.416492549838407 0.35000677915384 0.4985694053058016 0.34816708261731993 0.4685665211643591 0.23165296863771723
1 0.060098655389245546 0.23120195270074653 0.1413703615876117 0.23197477377148965 0.16659096888797245 0.36969525618095467 0.08334084633815209 0.37024353605082705
1 0.14180496964214845 0.2327475948422328 0.16846098055969866 0.3728092882572988 0.2537807709699297 0.3735116764663321 0.22916118860402862 0.23429323698371915
1 0.30608681425702755 0.233520415912976 0.33860336777591593 0.37559969674240645 0.4186110588197628 0.3749864645635665 0.3838816560191 0.23120195270074653
1 0.2295957966585654 0.233520415912976 0.2548022086222315 0.3743732323847265 0.33722392482688407 0.37253353584820637 0.30391377398434405 0.23506605805446226
0 0.8300521735713403 0.34888307347356784 0.9084084582367593 0.34729357432445584 0.9084084582367593 0.3472935743244558 0.9603738898569969 0.4994161793128521 0.8755323688443643 0.49878757350711495
0 0.9120572908053111 0.3463695066617986 0.9631888348656956 0.5057022373702239 1.0003070003087222 0.5094738722046469 0.9981859622834065 0.34980799754740455
0 0.5034455859670773 0.35541834718416776 0.5801799756263106 0.35433926909802493 0.6240147614828375 0.49891860441757513 0.5391732404702049 0.502061633446261
0 0.7435226360761849 0.35692648727122933 0.8263949879245478 0.3567226614105134 0.8723508118063906 0.49627315028416624 0.7935188985321526 0.502559208341538
0 0.5837540456031038 0.3559210605465216 0.6606899681003366 0.3568536923209736 0.7084133236699425 0.5039474508634726 0.6235718026573098 0.4976613928061007
0 0.6643452815054545 0.35893734072064465 0.7105343616952584 0.5045760566692097 0.7918408193323645 0.5039474508634726 0.7405824003872323 0.35748229812671084
0 0.4248337839289949 0.3780404484900908 0.45645275748288816 0.5083476915036327 0.5381127214575471 0.5039474508634726 0.4999340370018624 0.3549678749037621 0.42110212372762457 0.3568536923209737
0 0.00039615154694285783 0.3647069235824658 0.0834253920651232 0.3670921087582065 0.1024062683916858 0.5086401621948083 0.014671227549347587 0.5096872135853009
1 0.08636826388273182 0.3734606922803001 0.17071005857766716 0.3767116869927424 0.19249661234388546 0.5065460594138231 0.10593922305647792 0.5086401621948083
0 0.2560163529335446 0.37653230840302915 0.33896188316917225 0.37759768391030046 0.36900992186114623 0.5064618740864213 0.2824008691607505 0.5077190856978956
1 0.1720925651656819 0.3751354039048754 0.2549121447552133 0.3756646356022497 0.2814093047411544 0.5107342649757934 0.19544074123121224 0.5086401621948083
0 0.3405664565644318 0.3790458752147984 0.41991483446872574 0.37885489552177476 0.4531444301986737 0.5070904798921584 0.36936342819869894 0.505833268280684
0 0.863859504871279 0.614481958543285 0.9113955288419302 0.7974719736440613 0.9949370601671632 0.7959663613267705 0.9362322003169993 0.6178022371140227
0 0.12222172301578334 0.6136792388064551 0.21226009273500748 0.6168990064731774 0.24471710659447296 0.8010855799550884 0.1493217093379569 0.8000818384102281
0 0.7855190755550363 0.6140805986748701 0.8301218802266949 0.8009850690510733 0.909429888005041 0.7979738444164914 0.8597565450549025 0.6157947540243016
0 0.3107354362119291 0.6172914776221897 0.345287619795519 0.802089321499949 0.4387073727301546 0.8025911922723793 0.39863001648629276 0.6128840402937352
1 0.028178616755829434 0.6172768229167184 0.05189130261758799 0.8028497697740206 0.14829937696023657 0.7979282463518661 0.11969985251409201 0.6150116258284561
0 0.6776034409349673 0.6168901177537747 0.7243503799992446 0.8015874507275189 0.8112787301619869 0.8025911922723793 0.7616053872118485 0.6158952649283169
0 0.4920246717766058 0.6193921049056547 0.527315449383905 0.775183322381766 0.5321134427370433 0.7947562825065468 0.6269443701873078 0.8002768610032798 0.5772060485486549 0.6185996413835202
0 0.40173460042067655 0.6184046187904684 0.4389896076332803 0.8005837091826583 0.5301514813429097 0.7985762260929372 0.48950965529279616 0.6219177141974803
1 0.2161399322248811 0.6160873980169448 0.24759052142132615 0.8030930630448095 0.34439709319347117 0.8025911922723793 0.3082710255933704 0.6224195849699105
1 0.5798472279841516 0.6209037164379243 0.6302662103363029 0.8040968045896701 0.7231214934646869 0.8015874507275189 0.675141559933303 0.6174008772456078
0 0.029544276430789856 0.038913670604033807 0.10506281312741676 0.03862337380871053 0.12271698194358147 0.13633310510530947 0.04415593071164846 0.1371179222241576
0 0.10544947060297274 0.03859985067980772 0.18229980169813742 0.038623373808710545 0.20194006450612062 0.13672551366473357 0.12337901327418765 0.1375103307835817
0 0.9096523806271837 0.7992393976009876 0.9629381573822595 0.9832446281530541 1.000629677435944 0.9839893298211373 1.0010484721032071 0.7933457027918668
1 0.18320370811432224 0.03799469278715202 0.2576026661728233 0.03923677975983898 0.28132617630806817 0.14039935117682023 0.2025549096454104 0.1379419607780272
0 0.2589269670688886 0.038977314152336996 0.33245840203646004 0.041694170158632055 0.3575638642184183 0.14244717650914782 0.28155650164918705 0.14039935117682026
0 0.3328078109637333 0.041270097337768576 0.4125981085613253 0.0470185160226837 0.4354003173320947 0.1420376114426823 0.35778067737503133 0.1420376114426823
0 0.7257364965201384 0.8040038649488325 0.8130350884463583 0.804516227813113 0.8687347791923588 0.9847340314892202 0.7749247737254107 0.9839893298211373
0 0.6322710472198365 0.809363890715158 0.7225754403175157 0.804516227813113 0.7732495950563582 0.9847340314892202 0.6798583842566733 0.9862234348253865
0 0.8185319425996493 0.8022171896933906 0.9062464287028421 0.7985586144684483 0.9661340661214741 0.9944151531743005 0.8735804446563156 0.9929257498381343
0 0.5391405995299301 0.8051949817857937 0.6275286718125076 0.8082397361535284 0.67820282655135 0.9899469431658019 0.5802048744117705 0.9877128381615526
0 0.1522137395233045 0.8040038649488325 0.24167951958400188 0.804516227813113 0.28020862897221266 0.9959045565104666 0.1813730874981067 0.9973939598466327
0 0.2450091856028156 0.806386098622755 0.34009626639084456 0.8060056311492791 0.38155693844989746 0.9951598548423836 0.2835589863103179 0.9959045565104666
0 0.3418246510070708 0.806386098622755 0.4387468188094722 0.8082397361535285 0.4827202588721041 0.9959045565104667 0.4827202588721041 0.9959045565104666 0.3826283333962087 0.9959045565104666
0 0.4413201292944889 0.8069816570412355 0.5349750503473492 0.8052609294811961 0.58146125841356 1.0003727665189652 0.4834633062739804 1.0003727665189652
0 0.0527182612358865 0.8069816570412355 0.15038228212063284 0.804516227813113 0.17802273016000142 1.0011174681870483 0.0745804473460008 0.9966492581785498
0 0.634000549363716 0.041295867530919 0.663054099036634 0.1493198085258295 0.735826819695584 0.1480755332947097 0.7036388855579715 0.039201450571724805
0 0.5087584491671663 0.14051485522145013 0.4353444746970271 0.1416280463762168 0.41369389263185213 0.047018516022683726 0.48210051894416023 0.04824721122208024
0 0.7364317147604382 0.1492621717985024 0.7057380986539028 0.03982358818728472 0.7673150161345526 0.04231213864952438 0.8106987534504648 0.1505640837569493
0 0.5573171086022354 0.04776389497552077 0.5860829521858218 0.1449648452169101 0.6613047547900248 0.14683125806358985 0.6305162960496998 0.04417855149620412
0 0.482964638331061 0.04716582552887838 0.5546530013966082 0.04865677628854575 0.5850559464243007 0.14449500184147535 0.509969885219545 0.14203761144268232
0 0.8404722198493706 0.04316143277866748 0.8863176213129437 0.15180835898806916 0.9569911288759624 0.15180835898806916 0.9118580473134404 0.046667101958443764
0 0.7727610826251508 0.04480068911176404 0.810546918351913 0.1549190470658687 0.8843692455588285 0.15180835898806913 0.84728314753071 0.06719764327192092 0.8364372132017317 0.043556413880644206
0 0.9149865877743968 0.04577373268487407 0.957340997725284 0.15056408375694932 0.957340997725284 0.1505640837569493 0.9996751284932308 0.15305263421918897 1.0003748661918745 0.04604496434288385