0 0.03537327051162729 0.6720920130610466 0.10755387546900405 1 0.24118952904625274 0.9979380884759725 0.1578841633417552 0.6439255867349354
0 0.2521701455116273 0.6252170130610466 0.34011452420304245 0.9857905901572472 0.4702791357720903 0.9528187919839398 0.38350272805939156 0.5936003046472862
0 0.8277977734782631 0.4808022421532625 0.9145741811909612 0.8573743325616299 1 0.8330794550815517 1 0.4408891099929046
0 0.06271702051162728 0.2931857630610466 0.14747091814792743 0.6560730850536608 0.27416448770877455 0.6317781479948964 0.187388079996076 0.26214751073095155
0 0.5188738430561288 0.1823211868315493 0.6021792087606264 0.5519517645168079 0.7323437011604493 0.5224507822837408 0.6490384546251764 0.15629084180266442
1 0.1717684505437838 0.2604121623395176 0.2585448582564824 0.6369841931691989 0.38697377006759287 0.6040124545745773 0.30540398495180815 0.23264652849788464
1 0.4234198899075401 0.2100868802518682 0.5049896750233248 0.5745114127628244 0.3782961054624779 0.6074832705148181 0.2949908589272051 0.237852514093501
1 0.5373263955116273 0.1838107630610466 0.6160633767934302 0.5519517645168077 0.49284096841000913 0.5797174579371268 0.4060645606973104 0.21182222864330238
1 0.7697482705116273 0.1271701380610466 0.8503596061161813 0.4964204372548561 0.7201951137163585 0.5293921758494775 0.6368898671810855 0.15455555298991647
1 0.8810763955116272 0.0959201380610466 0.9649045882329375 0.4686547438345371 0.8347400958331146 0.4998911340377246 0.7531701915481046 0.1267897999909114
1 0.14865452051162728 0.6447482630610466 0.22904070326371243 1 0.35052765022764554 0.9823198933743793 0.2672225228615972 0.6196306496761712
1 0.3732638955116273 0.5939670130610466 0.45465938715057347 0.9580248967369285 0.5848238795503968 0.9285239145038616 0.5032540944346119 0.5640992628355331
1 0.6134982705116273 0.5392795130610466 0.6958977004897269 0.90075810192617 0.5726752921063056 0.9302592033166096 0.4928409684100091 0.5675699596184014
1 0.7267795205116273 0.5138888880610466 0.8121780248567461 0.8747278164759716 0.6854844552958994 0.9042289178664109 0.6039147893493391 0.5450103709510712
1 0.8439670205116272 0.4865451380610466 0.9284583492237651 0.8521682278086413 0.7982938568239423 0.8781985132588399 0.7149886102886696 0.515509329139318