1 0.145986967539967 0.5264958681771617 0.05339107790194515 0.7686447677246335 0.16295497622664082 0.8016284139688625 0.24071000867263087 0.5566067125469659
1 0.7412779036269186 0.7359746385596525 0.7308021554451916 0.9818607264932945 0.8533252123618638 1 0.8297630175828562 0.7533308481935123
1 0.9162854839464678 0.7823781636443814 0.9581766231942807 0.9912847640820743 0.845078379473908 0.9971746460244157 0.8215163464831583 0.7509748792393593
1 0.4643432051906709 0.27255190216303715 0.44176991587192604 0.4009156660236842 0.5182669958143228 0.42512120007365634 0.5376333359088554 0.2963478240806197
0 0.12761870887796173 0.1526823403688688 0.06353793128494956 0.27501656844090666 0.14778158715860595 0.30406318935613386 0.20007072536056736 0.17819446548225026
0 0.19191238293119742 0.17447680614962668 0.1400350112273464 0.2992220692496465 0.22137375930472314 0.32923700726162153 0.26688460201115916 0.20336818366404108
0 0.3336984786617506 0.22854193508706447 0.29787077275804225 0.3563471601895146 0.21846871853028854 0.3282686901648737 0.26494797465061365 0.20336818366404116
0 0.401139254426473 0.252936882960355 0.3714628784150821 0.3786161930109202 0.28818756946623725 0.35344254131159386 0.3288569435049256 0.22273263084875822
0 0.47088154492489825 0.2769107953191887 0.44602333099693314 0.40378997767517555 0.3666212767691793 0.37667975826481803 0.3966391005912511 0.24984281701788355
0 0.5360768024631486 0.264366110854881 0.5089640194155114 0.42993194647124966 0.5961125830854472 0.45510573113550523 0.6116056019698114 0.2846987754126491
0 0.6746597999749844 0.30088470767802233 0.6658314340213959 0.4773747639569109 0.582556125072551 0.4512327951608365 0.6038590925276293 0.2798576553061617
0 0.7411329206062959 0.32594834332589395 0.736518631882156 0.5025484821387017 0.6580847916010587 0.47543832921080886 0.6687364747958304 0.30212675461003197
0 0.8141443809718348 0.3521017022628034 0.8207621547776572 0.5257858320568551 0.7268354285903508 0.4986756791289622 0.7336135911077215 0.323427636540851
0 0.8933859135098856 0.3766797582648179 0.8914494856165727 0.5519278673353939 0.8110789514858524 0.5248175814425717 0.8101106045610408 0.3505377894687439
0 0.15651579854660289 0.7980226531676136 0.26566792746057744 0.8330602108659718 0.3262342967564392 0.583693943478351 0.23241575197616723 0.552820023494127
0 0.4077726519366422 0.6135894309983294 0.36304922862686484 0.8627466770932809 0.256167270946003 0.8271229013132523 0.32029639662787995 0.582506489721436
0 0.4933068998992088 0.6376459382378012 0.4544926296645932 0.8912457303318199 0.3511734283697468 0.8603717695794512 0.3998640789528906 0.6074431409210851
0 0.5734952573641149 0.6670483359749335 0.5518737677420802 0.9209321965591286 0.4414292167640035 0.8888707412817001 0.48299435457511597 0.6383170201371641
0 0.6550200874534362 0.6911048432144054 0.6492550689083676 0.9518059942389179 0.5376229052868189 0.9185572075090089 0.5637495679991983 0.6608787638229832
0 0.7444057786397525 0.725123426484932 0.7412577318682232 0.9826708364883416 0.6401665461934242 0.9518325152819903 0.6478768933561325 0.6931332520910588