0 0.5893133220196527 0.5245639283582578 0.6662618768056584 0.535824692473283 0.6822146259686108 0.37911242051011956 0.6118348502497033 0.371605215795832
0 0.5283175163965995 0.5067343851761346 0.5029807971377929 0.6737690528823419 0.5808677489333839 0.686906611016538 0.600574086134678 0.5161184125471971
0 0.6709538618535855 0.5283175163965996 0.6531243186714623 0.7000441691507341 0.5752373668758712 0.6897218593205023 0.59400530706758 0.514241561252818
0 0.46169132871603386 0.49453522405152406 0.4354162697228497 0.6681386708248293 0.5114263702240617 0.678461037930269 0.537701486492454 0.5057959881665491
0 0.39506514103546786 0.48702804797484045 0.36503649400394206 0.6540627156810477 0.442923388524325 0.6672002738152438 0.46919850479271724 0.4973504150802802
0 0.3631596427095631 0.34157654012670224 0.32750061362052474 0.4898432390035968 0.40163392010256604 0.5001656061090365 0.43447781543805614 0.3509605102225565
0 0.2655663537126779 0.4738904898406443 0.2242769425661269 0.6409251575468518 0.29934870333296165 0.6512475246522914 0.33876132046034185 0.48327445993649876
0 0.40632590515049305 0.4917200330227677 0.37348200981500285 0.6615699490329393 0.29371826400024104 0.652185978937085 0.3275006136205247 0.4813976659173278
0 0.20175535706086842 0.46544491675437544 0.15389710957201125 0.6352947754893391 0.23084566435801687 0.6418635545564371 0.2711967930453987 0.4738904898406443
0 0.13606756638988798 0.4523073586201794 0.08070214282434737 0.6249724083838992 0.1595274916295239 0.6352947754893391 0.207385739118381 0.46450651974478996
0 0.06662618768056583 0.44761537357225223 0.015014352153366939 0.6118348502497033 0.0900861129202017 0.6230956143647285 0.14263634545698603 0.4560609466585211
0 0.10979245012149583 0.3077942191440225 0.06287259964222411 0.45512254964893567 0.13982115442822973 0.46356815137280877 0.1801722258404034 0.315301395220706
0 0.745087225610835 0.3875579649587844 0.7338264614958098 0.5414550745307956 0.7357032555149805 0.5433318685499665 0.6615698917577311 0.5348863527389056 0.6756458469015127 0.3744204354621924
0 0.8042062372147173 0.55083904462665 0.7319496674766388 0.5414550745307956 0.7422720345820786 0.38286597991085725 0.8135902073105719 0.39506514103546786
0 0.8774012039623811 0.4035107141217368 0.8727092189144539 0.5611614117320898 0.8004526491763757 0.5536542929306144 0.8070214282434736 0.3922499500067116
0 0.9421505976237761 0.4128946842175911 0.9346435360975092 0.5686685878087732 0.8642637603786012 0.5602230147225044 0.8689557454265284 0.40444911113132226
0 0.7993882507885265 0.545614202919153 0.7919243082041332 0.7172848823601997 0.8688029168233846 0.7329591617874257 0.8717884938571416 0.5523317512451069
0 0.7299735847536685 0.5381502603347597 0.7187776708770783 0.7060889684836098 0.794163490979451 0.7195241106918079 0.794163490979451 0.7187776708770783 0.8038666163391625 0.5463605971775923
0 0.6627981014941284 0.5314327120088056 0.6471238220669024 0.6941466603485803 0.7217632479108358 0.7068353627420491 0.7337055560458652 0.5359110775594417
0 0.866563825160647 0.5538245397619856 0.8613389742389913 0.7344519958605945 0.9426959484088785 0.7456479097371846 0.9404567656335606 0.5620348766048183
0 0.7254952192030324 0.13136538948532278 0.7008642086745345 0.26944832729659957 0.7792356058106644 0.28139063543162884 0.7949098852378904 0.13957572632815546
0 0.8538750316545979 0.16122115982289612 0.8344687809351751 0.2896009722744615 0.7702788747093924 0.28213702969006815 0.7919243082041331 0.14405411465693652
1 0.6344351196734337 0.26571635600440285 0.7083281512589278 0.2754195269204044 0.7299735847536684 0.12987260096844405 0.6635444957525677 0.11643750431653603
1 0.46201804597394763 0.1082271674737034 0.4284303499004677 0.23287500863307214 0.5000841531543536 0.24705649954341952 0.532179106267245 0.11793031561155987
1 0.40006732252348287 0.10001683063087075 0.36573318663527354 0.2201863062396035 0.43365506415325294 0.234367842706241 0.4650036230077049 0.11494471579965744
1 0.17465625647480412 0.3187103483535955 0.13211178374376206 0.46276444023238683 0.20301923829549878 0.4739603541089769 0.24407092250966214 0.32617429093798883
1 0.3060216459601269 0.3343846277808215 0.26795553877972084 0.48366347946868826 0.20152644977862008 0.4747067483674162 0.23809976844214747 0.32468150242111016
1 0.37021155218590956 0.3418485703652149 0.33662381055613955 0.4926202105699602 0.2642235674875241 0.4814242966933702 0.30005049189261224 0.3343846505589666
1 0.4254447273104202 0.35229808998336554 0.3963353512312862 0.49933780445220444 0.47022838281678025 0.5075480957387469 0.49411299908683903 0.35752284979244087
1 0.5553173282788644 0.36647958089371285 0.5336718947841237 0.516504826840019 0.4620180915302378 0.505308912963429 0.4612716517155082 0.5045625187049897 0.4881418905756144 0.3560300612755622
1 0.6172680517293291 0.3746899177365456 0.599354589526785 0.5239687694244124 0.5291935747897778 0.5157584325815797 0.5508389627282283 0.36647958089371285
0 0.20451202681237746 0.7755036345184678 0.1634603425982141 0.9561310450607866 0.25675962490313087 0.970312535971134 0.2948257320835368 0.7859531541366185
0 0.28586900098226486 0.785206759878179 0.2500420765771768 0.9680733531958161 0.3411021761067755 0.9837476326230419 0.3776754947703029 0.7986418565300871
0 0.45082213209735755 0.8098377704066773 0.4239519387935416 0.9927043637243138 0.33513106759555106 0.9822548441061633 0.3717043407027882 0.7986418565300871
0 0.523222375165973 0.8202872900248279 0.4993378044522044 1 0.4217127560182236 0.9889723924321171 0.44485097802984297 0.8120769531819952
0 0.6030865608189817 0.8352151751936144 0.583680310099559 1 0.49411299908683903 0.9979291235333893 0.518744009615337 0.8210336842832671
1 0.8232728670585852 0.8762668594077778 0.815808924474192 1 0.9135865723297446 0.9994219576065582 0.9046298412284723 0.8852235905090499