0 0.6768277642840086 0.9616971316841949 0.699051554975175 0.6141599053302469 0.868198970780955 0.6672436078817071 0.8780762320207053 0.9950288212927785
1 0.5652600876001723 0.5651983737190149 0.492864456618603 0.896268474022641 0.6965822867635096 0.9740421809795403 0.7175713491522988 0.6098632267668502
1 0.4309683615483702 0.5111729666866808 0.31877841019294795 0.8259015894353953 0.5150882473097693 0.8950338937449052 0.5829941592925566 0.5629520488630627
0 0.29976380161270144 0.4679526410608134 0.1385190990415847 0.7580038183109954 0.334828841961862 0.8382466387307407 0.4496516035386474 0.5148063613204782
0 0.0018522714058301303 0.659356940261083 0.17185469088179 0.4123424380413233 0.3200130442987806 0.4740676845180505 0.1533348967046662 0.7666453622362622
0 0.3892916189805695 0.30742000302187755 0.28914672067024094 0.48270922844331743 0.4422437047071067 0.5320894256246993 0.5089149825840614 0.3518517012033934
0 0.6150951170269294 0.3876523394506325 0.5817594309901797 0.5864076613612694 0.4249585446358157 0.5370274877262006 0.4940990907244357 0.3432101690512829
1 0.826125624413443 0.45869114271241324 0.8496791766038312 0.669119453965983 0.6854702972213822 0.6283808007098683 0.7101633561242138 0.41357694768012043
0 0.6038496640518395 0.3815119898090787 0.5558317379815152 0.5901111667313478 0.7151020809406334 0.6382568307276195 0.7299178786037147 0.4283910162530602
0 0.28587155409010123 0.2780919249186104 0.15950816143037416 0.4283910162530602 0.30643188074153216 0.48888175309099025 0.40396948224702633 0.31975456832623267
0 0.5863828733940049 0.1361569467428237 0.5586244086516652 0.2202895753010993 0.5577569711056138 0.2220242754954255 0.6523091196125426 0.2549834468410053 0.6687906977124876 0.16651406779691424
0 0.5186083496685377 0.11192050215555308 0.47448170924107985 0.18559570376119336 0.5672989164746635 0.22549367588407782 0.5985271314012084 0.14136101423914793
0 0.4437777819200691 0.08372347662714455 0.38860406855714935 0.16044266674675411 0.48489109215618054 0.1942691716461699 0.5291310688172228 0.1153406105842184
0 0.3711162161353241 0.06094895600804541 0.3070636817847178 0.13095286270317236 0.39988095519954403 0.16651406779691424 0.4501930608641878 0.08758552327828995
0 0.6609836274355405 0.16564673424307835 0.6436346117895443 0.2523814130928431 0.7399217015698182 0.285340584438423 0.7451263268461259 0.19079980434417187
0 0.8179306206624124 0.23338461212408196 0.8266667797998 0.3182997557840028 0.7286448149274236 0.28100385049593474 0.7321145651116288 0.1829936700130313
0 0.5457208742150843 0.05769545306245981 0.5091797405330725 0.11881001097287072 0.5933224399436579 0.15090183222128745 0.614141271955102 0.08671820626778108
0 0.43544642403758804 0.09365695741510431 0.5239263773596724 0.12574881175017524 0.5594918461977165 0.058095735778035285 0.4840236546101294 0.029473281831616606