1 0.4675021237328091 0.6312340780469164 0.5374436020989062 0.6317511255223764 0.5343206702260156 0.6914274130886796 0.4417137630206993 0.693043720678125
0 0.5206015566604181 0.8029776502025805 0.6436305565400737 0.8029776502025804 0.6855414998365055 0.9868268176264448 0.5142924033628448 0.9832219457422303
1 0.7582631692789991 0.8028846153846154 0.8802955942227857 0.7999830142614498 1 0.9537914795135868 0.8473977270657443 0.9916427786890882
0 0.6364188698939008 0.8020838903097275 0.7634484447172057 0.803578482810604 0.8508755617658251 0.9850244023116586 0.678274550287345 0.9868268176264448
0 0.5335353288930547 0.6282407424691692 0.6009380962261448 0.6254650989708733 0.6144707176180291 0.6917335592022453 0.5293880354249008 0.6907836646344678
0 0.5975549498128853 0.6261590187792703 0.670683062463903 0.6254650989708733 0.699309699706424 0.6913866052539288 0.6125407653912162 0.6903830295647089
0 0.6657384858530445 0.6258120529191898 0.7400431878027485 0.6268488391424286 0.7863663436880592 0.6875660064213271 0.6941048728163504 0.6910396393938485
0 0.4043429869087244 0.6338355643081218 0.4701842704359461 0.6314068747581425 0.44468052932746915 0.6942057776387038 0.3665488752609867 0.6954302897543045
0 0.8121865791798337 0.624202451557116 0.8769869330678871 0.6856135326885292 0.7825189408204517 0.6887361420469055 0.7322921737022974 0.624202451557116
1 0.8115782492593602 0.6248349826349523 0.8755650818809463 0.687546959059228 0.9528570381745997 0.680260902321054 0.879208478573421 0.6237071943337172
1 0.33107220816226607 0.6339689077545795 0.2865707684926159 0.6978086724800902 0.37114951817121883 0.6967678225469046 0.4078436996363352 0.6325810800495495
0 0.4103892921709022 0.7988177035237072 0.35209999943785664 0.9864237724790117 0.5034165522836505 0.984068813545629 0.5122482841305277 0.7980327441621234
0 0.2873341276074364 0.7988177035237074 0.1978394955481004 0.9864237185799243 0.36505315763260593 0.9887786236142195 0.4192209027327695 0.799602689834835
0 0.16604539835568674 0.8262913889773162 0.047111842067607906 0.9801440436872536 0.20784890484057048 0.9824988948224614 0.2838014995540241 0.8286462940116117