1 0.45666967297850625 0.5893940667769223 0.5298539348452717 0.5897693450511853 0.524205906526799 0.6568483027376741 0.431336623573731 0.655816298570541
0 0.5251042432858195 0.5910040441251895 0.5971626356548602 0.5913792966319247 0.6098291506934638 0.6589273503645684 0.5202842413865864 0.6561992487297161
0 0.39502596001477946 0.5856413871044035 0.46314367384880767 0.5893940667769223 0.4364032295891725 0.6569420818582744 0.35487134806098886 0.6560977461891484
0 0.5135788819269058 0.7729618727303049 0.6389080844139128 0.7774054966065185 0.6856073318740968 0.9738189369321212 0.506662464631773 0.9630056286463473
0 0.6309544913238411 0.7745402162662843 0.759556576585451 0.7760539490854513 0.8572072966287265 0.9767767266339196 0.6721792340357523 0.9706942175202409
0 0.5218702615651782 0.7703928323122096 0.3976733518979668 0.7717444958479313 0.338362989107902 0.9603023479807657 0.5122386487188547 0.9630056286463473
1 0.7506701508534864 0.778486982121302 0.8784155476320877 0.7771352721797185 1 0.9346047005704361 0.8479999537652773 0.9765064093953958
0 0.5920575720562018 0.5921802280719637 0.6635173622659919 0.5892664751582107 0.6934281692758155 0.6585520463227778 0.6044810579760231 0.6589273503645684
0 0.27753183618213917 0.7757995096580275 0.17006349618010191 0.9630056286463473 0.3479946019542256 0.9630056286463473 0.4057841398007342 0.773096182586584
0 0.7368406788068687 0.5921944118779586 0.7820937745460403 0.657051010528309 0.6877985898563754 0.6589273503645685 0.6613396516263076 0.5913792966319247
0 0.27430712939524066 0.655816298570541 0.32272136358014936 0.592020924510416 0.3956241967276198 0.5950230605181728 0.360439441321529 0.6584431691877985
0 0.014471357445823166 0.9525883376362246 0.1389951540399835 0.80000782881024 0.2771950465310492 0.798088585000812 0.18434197214056652 0.9593056580230939