1 0.4361945884307241 0.8359521814546131 0.4696739635344671 1 0.5489272238595346 0.969739616576706 0.5043473057408432 0.8003176569036692
1 0.5618640809048555 0.7824758016783869 0.6123298157939251 0.9439795670938518 0.6826670598439271 0.9073210084484374 0.6281804841846022 0.7478067695346229
1 0.6888704828733923 0.7209779649357271 0.7490416572033396 0.8785886345741087 0.6777136902594515 0.9122749096465878 0.6242177558656945 0.7517698823294354
1 0.8158768848419292 0.6715123136427179 0.8817908519221641 0.8211238664161818 0.809472243712708 0.8518377966879168 0.7470603746722038 0.6943050937622388
1 0.0929034392804697 0.7999437047801886 0.1854097574962279 0.6954415575122173 0.2292277600355503 0.7535541268777287 0.13301881936226148 0.8669213006347753
1 0.02734345445865407 0.6971045129028308 0.11873041023073147 0.5982697279335449 0.15397524170910837 0.6535243323250801 0.06538685392956721 0.7554594499432448
0 0.11862301477640287 0.6057230441825862 0.02942070191538788 0.7053383170971348 0.009847231269873436 0.6458286976428507 0.08266042852998726 0.5604793601481282
0 0.0531151172094523 0.5169704087692983 0.09127272206775003 0.5667435713658227 0.012196050327816964 0.6536589132757421 0.002017855914076805 0.5714416813898667
1 0.024772474661720122 0.4772857402649784 0 0.5043766646572454 0.0025177046221774415 0.5815425431751071 0.05776637952458681 0.5205720088356196
1 0.24716222709650645 0.46314535138184165 0.21208157489119367 0.5786845389525356 0.27304560559733826 0.5910691585026869 0.30543273955165573 0.47293869670614824
1 0.35642886846619926 0.48499867965578025 0.3301993206122257 0.600595891576053 0.2682827502276501 0.5872585123716549 0.2997173445035369 0.47293869670614824
1 0.37973263971089966 0.6110751095634975 0.4454594472979652 0.6244124887678955 0.4683209490016737 0.5043766646572453 0.4064043786170982 0.4929446870155543
1 0.49975554327756033 0.6396550732920231 0.5654823508646258 0.6539450944048812 0.5826285360089827 0.5272406199406277 0.5178542681003476 0.5148560396390718
1 0.7022256511538151 0.43486457361556824 0.6912207279681727 0.5539152213550418 0.7674257859730451 0.5672525613108444 0.7702834050083377 0.4386427637810747
1 0.6430931158243343 0.42586614432629943 0.635019474142949 0.5358145933597472 0.7007462817300146 0.5529625794465816 0.7093194527909599 0.4338794364929873
1 0.5865315602917874 0.4117257554431627 0.5740554434368044 0.5300986241631993 0.6426399485479293 0.5415306018048904 0.649307961763246 0.4243527819168119
1 0.5325409845561746 0.41044026554469576 0.515949110254719 0.5186666465215082 0.5816759178417845 0.5320039864773107 0.5931067079380224 0.41196812311806524
1 0.47855040882056166 0.40015634635695996 0.4587953167510645 0.5072346296312217 0.5226170449812686 0.5186666465215082 0.5388106119584275 0.4072047958299776
1 0.4284163027803497 0.3937288968646251 0.4054518389386674 0.500565979277618 0.4626056324423219 0.5100926338537932 0.4845145159788323 0.398630822410858
1 0.37571121694320386 0.3834449776768893 0.35210828263750316 0.4900866827929827 0.41116723398678623 0.5024713023431341 0.4340287356904947 0.39291481396571487
1 0.4708374694297598 0.20219090199304598 0.4511748423460841 0.30283239682044727 0.5083286358497385 0.3104537675797019 0.5283324400293876 0.20470792533331456
1 0.3782821967401378 0.1867650232114424 0.353060822315934 0.28473176882515255 0.4083095364627269 0.2933057814928675 0.4311710381664353 0.19327594769162343
0 0.37314023714626987 0.8539342805158017 0.37115954713872135 0.9922522926135766 0.4826094366219708 0.9979683010587198 0.44260174977390576 0.8293465621587336
0 0.30629476242598724 0.8487923209219337 0.26828275022765014 0.9865363234170287 0.3797326397108997 0.9932049737706322 0.3797326397108997 0.8512578755336555
0 0.2600171260811762 0.7986582148817216 0.17874182276967815 0.9322344001825492 0.27780846096702644 0.985583642259973 0.31686345115912634 0.848399871311084
0 0.22145242912716698 0.7510950886384438 0.12539834495728114 0.8684058223718945 0.18540975749622787 0.9398557316932085 0.26447251302516 0.8036246026527796
0 0.1468940150160826 0.6508268765580197 0.06252915640550774 0.7502753801996536 0.10253684325357279 0.8083879299408672 0.19017261286591602 0.6997841227205037
0 0.5016892269929671 0.8050856643740566 0.5721503640799427 0.7798079662123415 0.6169207493201617 0.9379503693790969 0.5397631516368582 0.9722463415527658
0 0.6842287925752775 0.7253852906691043 0.753137219863981 0.6959734373408764 0.816958948094185 0.8493525132195441 0.7474218248158621 0.8836484853932131
0 0.8757667874468564 0.6443994270656849 0.9474601805674201 0.7912399634783305 0.8788755969675277 0.8236305733378879 0.8112435530460662 0.672156820524736
0 0.463124530038958 0.5029955382343178 0.4397440522498465 0.6272704144932763 0.5092811755281694 0.6396550732920232 0.5226170449812686 0.5119980354165
0 0.35514337856773226 0.4811422099603793 0.3254365437313046 0.6025011753929735 0.38544803475901857 0.6139331137860692 0.4102146158195884 0.4958026519895304
0 0.3025750420275963 0.2704418262094851 0.32543654373130454 0.18755993924648018 0.38068517938933033 0.19041794346905175 0.35687113800719117 0.28377916616528776
0 0.42455983308494877 0.1919069828053103 0.4035466810930388 0.28949517461043095 0.4568902373942031 0.301879754911987 0.47784658125228274 0.19899191688817125
0 0.5222570653684387 0.20347639189151295 0.5026132408016198 0.3104537675797019 0.5635772715077645 0.3161696975276542 0.5826285360089825 0.2075659295558861
0 0.6340669344645182 0.21709254488346597 0.6169207493201616 0.3247437101953693 0.555956797102784 0.3190277017502258 0.575007983115235 0.21328189875243408
0 0.6867997723722115 0.2214732504700506 0.674074542823816 0.33331772286308414 0.6093002749151811 0.32379114678409987 0.6254938418923397 0.21613990297500568
0 0.7356651466973567 0.22641118569008195 0.7266810186977836 0.3335307980123589 0.7932307414780783 0.3444931192540976 0.7979283795939652 0.22938898816197523
0 0.8574315806883839 0.23800220600246505 0.8542999079605196 0.3515403004199061 0.7869672669982588 0.3421440481123332 0.7940136596600442 0.23173805930373956
0 0.9184533124890091 0.2454296075643579 0.9185006181467346 0.35858751384519894 0.8511681062085646 0.34919126153762625 0.8519511534146214 0.236436185457526
0 0.9776217360978677 0.25176908152244987 0.9834845045630969 0.3656346950110075 0.913020190872972 0.358587513845199 0.9138031090549381 0.24739845831003787
0 0.6807230390605595 0.22112829072500526 0.6703096193553199 0.33039872466299613 0.7329444931776027 0.33431383247944185 0.7415568512274108 0.22390781141136365
0 0.2862241232686558 0.17714480732249888 0.25803835908537875 0.2695413098532877 0.30658051209613635 0.2773715254861791 0.33711496631326643 0.18419200461804958