0 0.4385300367362407 0.07560712931884464 0.4056346341843735 0.1930195461069099 0.5117134762618379 0.2112370615914405 0.5342151237357631 0.08692931926154497
0 0.27657789011153555 0.052471108372458185 0.2320510262635107 0.1651574765862548 0.3231289171736727 0.1780168966841981 0.36384603688260403 0.05906720559155783
1 0.11173374086853202 0.08139113455544127 0.08096906581657319 0.13729540706559987 0.1613318276415974 0.15336969322536187 0.1806188657586305 0.11264815945743153
0 0.789908354859485 0.45445947231592293 0.8042340988201684 0.8140850459389182 1 0.8861905147461998 0.9617451896917016 0.48540511889986104
0 0.6467542252537188 0.4168634382780449 0.6285074474244402 0.7501527849583645 0.8203066158694974 0.8219512543087687 0.8031624446489527 0.4458130729585991
0 0.5209521113577424 0.38505140947676353 0.4709963565529067 0.6916870799713691 0.6402939658132274 0.7549125878733672 0.6563664828625568 0.4173526668170274
0 0.3994880013892136 0.351793379366333 0.3317009144947566 0.6391777628425457 0.4827828749416942 0.6981168120950068 0.5310006026680595 0.38520413864683534
1 0.6438622226354206 0.7422137328366045 0.6392224882203893 0.9869805304065945 0.4345652355045173 0.9976967653291015 0.4742108776206103 0.672996220221373
1 0.6294022095439289 0.7364297276000078 0.6242214487638982 0.9923386257931821 0.8395937422757189 0.9505454994375334 0.8192351382766592 0.7962323699635501
1 0.10884173825023372 0.5412195508648721 0.02739386183682755 0.7484828557497296 0.10668514606901332 0.9794792056952387 0.22347911723161556 0.5861951235229228
0 0.3413443894086788 0.625845020553803 0.24705206572000185 1 0.4506378408430356 1 0.48706896189142485 0.6772827230202418
1 0.3575539634238881 0.055363110990756505 0.3156283091562386 0.17992667304654453 0.4152781973874845 0.19600091505697465 0.44742331977533195 0.0695499434023105