1 0.15168669256785178 0.48118233519507836 0.2112483587845631 0.9143021729598629 0.3703286602156032 0.890561693545737 0.3097831973666493 0.4596720012356278
1 0.4559506607444591 0.4396243297855905 0.5175372987125897 0.8727563339851429 0.3596441454602347 0.894122801682953 0.30147297896865133 0.4596720012356278
1 0.6014036796776665 0.4218137560386673 0.6659329948146612 0.8537639685663905 0.5080399321359067 0.8751304362642006 0.44512008235598166 0.4430536475331913
1 0.7468566986108739 0.4040031822917439 0.8119544851329625 0.8312104950104228 0.655248570632893 0.8537639685663905 0.5947031077839389 0.42287427625628116
1 0.8923097175440813 0.38470839406591023 0.9567887366989778 0.8134051354498284 0.7988957645938235 0.8335845972894805 0.7383502111712694 0.40269485969800006
0 0.0938023278903509 0.05966542318455903 0.14595421264726754 0.43588816083150217 0.30384736589962236 0.4133345967127924 0.24923764394409495 0.03823504008215288
0 0.3965820815880479 0.02256006121180203 0.44986876564432327 0.3943422312940401 0.29316285114425417 0.4145216478523214 0.24092751611969768 0.04060909707983966
0 0.5424677727593823 0.000250263963277364 0.595890255962624 0.3765368717334459 0.4415586378199256 0.3955292371521981 0.388136154616684 0.023990743377403236
0 0.6932378557924247 0.002624320960964166 0.7430988038860105 0.35279639231932003 0.5887672763169121 0.3753498658752879 0.5341575543613846 0.0014372924621207871
0 0.8418464252611318 0.0032652729859683925 0.8903075329565973 0.33499103275872555 0.7347886760616127 0.3563574551751647 0.6825534316106567 0
0 0.9858152297154289 0 1 0.3219337871935049 0.8819974051321994 0.3361780386168836 0.8321362758914136 0