1 0.2274238279855358 0.6215314219127102 0.30345086015320394 0.9403802407641256 0.3986172149261328 0.9169119840144908 0.319094685700594 0.5909650299863514
1 0.5687244757777361 0.5124559571543781 0.6906343608608363 0.8308620315523075 0.804051773827522 0.8034824523921467 0.6749905353134462 0.48144682077453343
1 0.8396538559839157 0.4297697177408038 1 0.7448120253757116 0.8979145122772678 0.7774066831784363 0.7492985992462516 0.4631938038107014
1 0.915302968638888 0.396343365637444 0.9995989486661134 0.5492438099872976 0.9943844833733799 0.7448120253757116 0.8301247447949738 0.4292953360615259
1 0.1957567575718265 0.13772895725881792 0.2526086419587811 0.3464287380234185 0.33213117118431973 0.32296053498819655 0.2669487437656901 0.1156582449393782
1 0.33825857443351837 0.08670978825895292 0.4090463603461945 0.29558100954244876 0.3217020257642584 0.32687191111313574 0.2591268309919953 0.1195696210643173
1 0.6302993349155043 0.004023548845378633 0.7167073318282882 0.18997417645556985 0.6450067153764442 0.21604994566928007 0.5537513169903632 0.02178554022731689
0 0.06381063084803769 0.17995171781043032 0.13528038002254536 0.16129084106337124 0.18481887447648734 0.3777196395941055 0.10268911260458173 0.4011878426293274
0 0.12714477167545626 0.16235890091392516 0.18221174924741823 0.3777196395941054 0.2604305547324762 0.3451249280769678 0.20437365641072497 0.13391131561762332
0 0.33298072936456674 0.09198763332790452 0.4012245549897969 0.29297344336396003 0.48726527324854985 0.26429010797176156 0.4077427440230112 0.06611438011927215
0 0.4842789546745114 0.037449900948738436 0.5733060989246004 0.23821433875805123 0.4807470842153359 0.2695052403287383 0.399920831249316 0.06481051645840841
0 0.5550549333135462 0.02178554022731687 0.6489176717632917 0.2108348133123033 0.5667878024740889 0.24212571488299045 0.4807470842153359 0.040038557191148794
0 0.3083507857094596 0.5933829148783019 0.38818806950607115 0.9182158476753542 0.49639080234542854 0.8856210824438037 0.39731359860294957 0.5661930707190919
0 0.49247984595858096 0.5388135452733438 0.6006826862152357 0.8582415569980556 0.48726527324854996 0.8895324585687427 0.38949168582925464 0.570104446844031
0 0.5757616025363382 0.5124559571543781 0.6971526573113479 0.8308620315523075 0.5928607734415404 0.8621529331229947 0.48335431686170277 0.5375097353268931
0 0.7604861799496425 0.4561589430855616 0.9096472740205126 0.7761029269463987 0.7949262447306434 0.8073938285170857 0.6606504335065371 0.48144682077453343
1 0.6232622081569021 0.00930139391433018 0.7088854190545929 0.19127798640202057 0.7871043319569484 0.15868327488488265 0.7141000991819213 0.021785540227316803