0 0.13544459158802882 0.5713876280819241 0.07571569353123042 0.8657719424291223 0.3432913276575612 0.8296091707754929 0.32762246498136566 0.5535667500129151
0 0.4932866512432745 0.538856531749629 0.5650657396396246 0.7982681318062108 0.3179800344734519 0.8320201116106579 0.31677476790246145 0.5547721955995004
0 0.7820189860243965 0.7608999145659963 0.5445757113661372 0.803089864490558 0.48190035997468356 0.5330745226749241 0.6602840829544606 0.5198149191944509
0 0.4733672034979133 0.31668442244053197 0.6034286754838641 0.22691409147991165 0.7179194854617459 0.22324993318354358 0.6299904818152384 0.2974478932968722
0 0.8161264419029326 0.22037133640466583 0.7334901474698146 0.30569213624659813 0.6116719582563748 0.3029440552633561 0.7105919552862509 0.2177538089560937
0 0.32541539412275144 0.4033064373403505 0.5805305587702687 0.5425378066759319 0.7792863808970051 0.5242173171063642 0.47611498957873977 0.3822335606812488
0 0.6437294876893388 0.37673741758428186 0.9432371893898248 0.5004006655703125 0.7573042431903309 0.5260493962545482 0.45230089385822325 0.3849816227949737
1 0.17338149266944597 0.421847157029778 0.33872613835723103 0.40421813306911636 0.5887738415427792 0.5388736861185979 0.3845223717844216 0.5553621342790156
1 0.8107877128967823 0.2196031115666996 0.724489461851275 0.3052327594986833 0.8607628607758826 0.29603540742707934 0.9230473326087261 0.21158699060277075
0 0.6557798904826353 0.5295034875391915 0.7714888101774665 0.7607405142229099 0.9803383638795822 0.7193602576957677 0.8305971882168734 0.5104882083167752
1 0.036371612627839875 0.24012607448398676 0.029322326547099115 0.27312121637951586 0.050108805138994336 0.2796860731886642 0.08128854556307433 0.23701449265987212
1 0.04080079752176376 0.21059817519116097 0.03533945678403404 0.24576765009784038 0.07855350275445813 0.24193812963206943 0.10207502415496957 0.20747262574937678
1 0.12200252057703471 0.1847612633099384 0.09933998134635344 0.2162257831873451 0.03916854375958123 0.21567870239547612 0.043544675354830975 0.1855897659624397
0 0.13971926015273017 0.15892435142871583 0.04354467535483103 0.15823618841143638 0.04245067626037422 0.19106048372650591 0.1239555469137958 0.19106048372650591
0 0.1507922223875399 0.14120761185302033 0.04846776142483502 0.1396357570290735 0.04518567399651617 0.16644225378820787 0.13872489526875612 0.16589518426566682
0 0.16260338210467018 0.11979988486572164 0.05393793718701578 0.1221294534224648 0.050108805138994336 0.14620061383822183 0.15349424362371641 0.14729476415263182