1 0.6463650207474942 0.6337195986122021 0.6113350966625046 0.9232627197063813 0.6989099917684293 0.9335668341985341 0.7298186784017551 0.6378411934675261
0 0.5763051725775148 0.6234156114738918 0.5206694008080074 0.9139890676049809 0.6226683723144046 0.9242931820971336 0.656667944589753 0.6326892211240115
0 0.48840201882250006 0.602436180869877 0.43103405676315176 0.8964723106954938 0.534063210292289 0.9078067177732756 0.585577829503583 0.6172331767396247
0 0.4133211816166786 0.5913130938764221 0.34448959836031856 0.8861682386546217 0.4403067136892198 0.8994845621033332 0.4959424005652765 0.603759006274887
0 0.25203642021158074 0.5635053763927844 0.15903696919966057 0.856207646317307 0.2589752370867751 0.870633270762222 0.3372774752666319 0.5728469175061137
1 0.17695558300575934 0.5468207459026019 0.07249238345665168 0.8386908045052582 0.16624900739989668 0.8592988636844403 0.2600055888964164 0.562542909142163
1 0.10604590342248352 0.5259649577898736 0 0.8129307305312805 0.08279530729891045 0.8428124418118632 0.18685485508441427 0.5439956686162833
1 0.32989802916576594 0.5746284633862394 0.25176328377998963 0.86857247333456 0.3537621703929362 0.8840285177189466 0.42176148473053415 0.5934549979109363
1 0.6453347538313036 0.21084097819622363 0.6113350966625046 0.40043506321290645 0.6824252966421251 0.4148607301091024 0.7061220299686657 0.22423622515294822
0 0.7623080360363301 0.23960108314290798 0.7452731066118687 0.42825593461454614 0.8163632216980389 0.4395903841436087 0.8246056117079161 0.25205709655458797
0 0.7025214434465092 0.22291645265272542 0.6772737922742704 0.41176951274196893 0.7514548778959143 0.4292863333283772 0.7700001068545996 0.2355706428435501
0 0.5787771006443221 0.1978895069174516 0.5381843628505025 0.3860094175423508 0.6154563341141686 0.40352625935439945 0.6504862581991583 0.21084097819622363
0 0.5120385786835919 0.18259526230145096 0.46915486649016414 0.3674621770164711 0.5453964010507384 0.3880702149700129 0.5835172107777508 0.20074175678406175
0 0.43973851322613433 0.16604967039868662 0.39085271320375786 0.3511805208700422 0.4773971716065911 0.36972778262156236 0.5206694008080075 0.181164117544351
0 0.3197625132241371 0.33675489642512707 0.3970344844878032 0.3532413607489851 0.4464884849732652 0.16879929052709786 0.37848917063566706 0.15643446350984472
1 0.3132133986755834 0.14936503990850408 0.25794505506403503 0.3212988520407404 0.3300654370663959 0.3346941414487458 0.3846709419197126 0.15849523971186635
1 0.24230371909230758 0.17856314326632353 0.19303654147500898 0.3140860398182828 0.26618727528701125 0.32335964946840245 0.3228533988661598 0.1523128262032398