0 0.17835171330447647 0.5626253119977651 0.0338607924054646 0.8069116749983445 0.27975333013629305 0.8595966374919563 0.3558629641431623 0.6069039663115513
0 0.5162684764561913 0.6443596915326564 0.49832451614419454 0.9044763927880066 0.26511686778457955 0.8556940338931757 0.34805682111095626 0.6010500981313662
0 0.6738904324660148 0.6838803648328575 0.713385561844667 0.9553477842747331 0.48622584020775383 0.9017033795046938 0.5067728968780777 0.6403299453122167
0 0.8380103027301322 0.7252671147255481 0.9131491208311479 0.9918715639261796 0.6974043726177481 0.9507822900484122 0.6597347251771548 0.6757122860974135
0 0.40626272316119116 0.47167984389972206 0.6003636482141883 0.6786172869992338 0.7807934797610426 0.7201111091867929 0.5525497335624254 0.5117396960720454
1 0.25512666632892167 0.4378434132656318 0.41722741152365383 0.6326131582811259 0.6084830013022129 0.678617286999234 0.4145210063799737 0.4702458394743661
0 0.6983839076355031 0.531457538019948 0.9431802662075685 0.7588988162762631 0.7573375555448617 0.7137967832743854 0.5498433284187454 0.5099356078699463
0 0.5570108281223825 0.43865133205144974 0.7084980695915002 0.3974568148762644 0.8156167141222586 0.4304124213635843 0.7059627571180975 0.46463556837956066
0 0.9106923826144264 0.4544953771188287 0.8067429270334069 0.5051963092463944 0.7059627571180976 0.4570304219119999 0.8187859030719975 0.426609848129804
1 0.9064362255869906 0.4504064069256673 0.8036023423120178 0.49983985267902764 0.9222567765902433 0.5380683344458342 1 0.48072558665248655
1 0.03564748272191851 0.29915471388698517 0.02153091133968781 0.3571232475637304 0.05137017908328741 0.36517414788306085 0.11578506784570075 0.3182895068972209
0 0.05184381079723044 0.25009367778081215 0.16456985709750804 0.28750666655004187 0.10583865730976205 0.32634040721655133 0.031477321875626504 0.3064499529175366