0 0.13941516440284857 0.5704573057636938 0.07821574198326302 0.8620533275967996 0.33681910495592327 0.8290804414003645 0.3285767149460459 0.5529325460372695
0 0.3159941704239471 0.5551630611476932 0.3254858293040233 0.8321716587674981 0.5696651158762112 0.8002291500592534 0.49548403025456766 0.5385069003667138
0 0.6603308117307082 0.5271724720632917 0.7922082029542403 0.7744691185365564 0.5469987343593123 0.8033203674263868 0.4862114582219503 0.5385069003667139
0 0.8526831178581521 0.5092803272996911 0.9776608321148984 0.711614542285179 0.782935630921623 0.781681930759014 0.6510580699111896 0.530263678817605
1 0.17000365363484987 0.42168601722623283 0.3790610672411491 0.5585396783232184 0.5913012304769196 0.5410228365111698 0.3378493718721141 0.4008881020147803
1 0.8040196122617864 0.2186896795956786 0.7211180878680705 0.30551575705812095 0.8602075172918389 0.2983029023843825 0.9282068316294365 0.20865789589647704
0 0.3265161811136645 0.4029488782168019 0.4882719920543315 0.379743580881584 0.7767538596375776 0.5235059946991211 0.5851194591928743 0.5420532139993604
0 0.5964527348447743 0.22875734329056496 0.4656056105374328 0.3235543645732659 0.6211796501940545 0.30191592790589317 0.7180272871194981 0.22566612592343152
0 0.8123619275068776 0.22286083721822422 0.7303908296875891 0.3091287401283508 0.6129373450776278 0.3060375227612173 0.7149363165840249 0.22566612592343152
1 0.041231672152463705 0.21309749238115253 0.034080607765227276 0.24610592622350147 0.07808712994803156 0.24390535036829336 0.10449102512759127 0.20869638600090804
1 0.04325668389474653 0.18654001611912802 0.04178174008215657 0.2180487483914705 0.10119052689881947 0.21254734275107898 0.12264372006052882 0.18173949609648107
1 0.029152254568654133 0.2778476375459366 0.055533800926936536 0.2769137842106424 0.08248776403618906 0.2378538177629143 0.033530539835534404 0.239504221322963