1 0.42581233164721294 0.47014415889639694 0.4966312169062386 0.46979358772843516 0.5090047680480525 0.5286904399660085 0.41578299978116656 0.5298972459299125
0 0.355955147398056 0.47329729961970596 0.4275638222552027 0.4746996110384185 0.41913927936107764 0.5304412692706049 0.33716680098416674 0.5320290419316543
0 0.3018633001358297 0.6445441372206285 0.42138568547658817 0.6413147990386825 0.41792126851018935 0.8244647103036606 0.2429682117070501 0.8327687680248723
0 0.535864723855271 0.6357901264689093 0.5765916025752196 0.8078566476568129 0.412031770239873 0.8203126902423173 0.41514975079591265 0.6385467885975412
1 0.6472173962171782 0.6318239212502177 0.7313539698488434 0.8035197664981216 0.5705692811119697 0.8119713347376357 0.5303731022024777 0.6344879539265057
0 0.17238099366514142 0.6505375651354628 0.07440409141186377 0.8406814563411986 0.25269830636849117 0.8350686133479347 0.3087576934057802 0.6442319622826088
1 0.8616935326829288 0.623348384031926 1 0.7595294366942792 0.8739582408072132 0.7954516404156873 0.756781423731333 0.6304340478492085
0 0.725168976551636 0.8066773264022152 0.8828097517438036 0.7948903646808796 0.7647899167817582 0.6309953235840162 0.6433981067485849 0.6371694637233846
0 0.3596995389319693 0.4727507127314747 0.3413741328223585 0.5327880259096219 0.2511609383932922 0.533867046706341 0.28465325818660486 0.47164335859659917
1 0.7611090011170557 0.46737192570121894 0.8333550467072416 0.5199060629920421 0.9097506505367019 0.515798902483811 0.8288472275270184 0.46145796927787264
0 0.4927060628391709 0.46445597799894334 0.5053150594222925 0.5299788101590925 0.5914409104432435 0.5282983875373233 0.5614703795554694 0.4594013244688017
0 0.6289829486849184 0.450999247417776 0.6725190738488216 0.5249375583194829 0.5835539286306713 0.5270380785838453 0.5576846138439397 0.45646059289355456
0 0.6978030500564355 0.4486974625862024 0.7551746336169143 0.522416932399678 0.6630546956737351 0.5236772493660048 0.6207804683445168 0.44889872715341345