1 0.5869277628617965 0.6895964994337592 0.7077506287609279 0.6837365315512749 0.8042282511023062 0.8749525196929723 0.6275189039915947 0.8737373730865842
0 0.4611117497963945 0.8820562411831614 0.63427053191394 0.8749525196929723 0.5916408430335541 0.6897120258381895 0.4696852819233765 0.694411630531594
0 0.481032063127291 0.5248170290928518 0.47747292928869606 0.5808007991610633 0.5700398638909415 0.5766963957655149 0.5550196798767351 0.5215408850232457
0 0.41099339400028284 0.5266936624146401 0.39073889528038386 0.5851827428686825 0.48098201422292447 0.5812311132656376 0.484634115729451 0.5251096668608447
1 0.5517459107299526 0.5184468258899897 0.5657158670509613 0.576999443353667 0.6499199657791147 0.5724536601682356 0.6221553490078087 0.5148737398194368
0 0.34128047693395347 0.5303245227257203 0.3082815801826934 0.5885105440310859 0.39476144753082326 0.5845708675824836 0.415015928887853 0.5269909472336848
0 0.26868290060860756 0.5342642107348472 0.22293960582598635 0.5915410661547069 0.3146537705169394 0.5897227575047441 0.3442389882939312 0.5303245227257203
1 0.12974699729990166 0.5969960036651197 0.23033674815939517 0.5915410661547069 0.2763076180677271 0.5291123092520621 0.20621342021380648 0.5324458847440977
1 0.3558184144355747 0.701193421450533 0.2949669465213673 0.8916949509282794 0.4693575871492421 0.8830694764910038 0.47483846626600396 0.6952988515344889
0 0.1285484418622239 0.9016474564781782 0.23567412110506128 0.7032608610365139 0.3632284106471925 0.6999433591865477 0.3024408311197048 0.8936854722866836
1 0.12221913276423176 0.7119784598682194 0 0.8611739440328019 0.13581885419755005 0.9016474564781782 0.23995498720388103 0.703260861036514