1 0.2395944630873636 0.481581144696086 0.4314392055829933 0.4854086667974314 0.34655083062792885 0.8725327230611862 0.03964996017081438 0.859409842585772
1 0.05187572356768217 0.4830848042598899 0.2395683433809285 0.4821279466785777 0.04026511240111758 0.8615970505157386 0.0015116834332413287 0.5455550493495857
1 0.4291063166369756 0.4845884638236937 0.6246419208903699 0.4810343886016426 0.6707768926895852 0.8834683956066338 0.3472166797445034 0.8725327230611863
1 0.8325062248397733 0.481581144696086 0.9975927229261394 0.8458769065115374 0.6715719526838992 0.8841518521967001 0.6254369292606297 0.4795307290378387
1 0.5439798092785392 0.25571591190652326 0.5422720342872924 0.3129464985391611 0.8534348178674782 0.30262375892892723 0.8114226988656661 0.24675941012528974
1 0.6785551559002284 0.1690351413976274 0.7041722967390155 0.22247057057414435 0.5911153392491058 0.2261138926848155 0.584284095959095 0.17207124952652111
1 0.7722284644961703 0.16303881733256054 0.823035809592184 0.2194344624452506 0.704855412468515 0.2218633565923669 0.6785551559002284 0.16964235537940486
1 0.8755509010144397 0.15886417343283252 0.9431237744974008 0.215183926352802 0.8222109144557334 0.21882724846347315 0.7723428929021633 0.16417736584339707
1 0.2919499207848444 0.258524317977251 0.25369500995779226 0.3143886413008842 0.5419731442821943 0.31317421333732925 0.542997860873951 0.2542737691448002
1 0.49137929614196557 0.17723260659163592 0.48151669992885815 0.22937774109188164 0.5914996223035168 0.2263416202229858 0.5843268354812586 0.17351337954824203
1 0.4007373404691203 0.17806753537158151 0.37290006634320816 0.23180659701899148 0.4821998443233626 0.23059214357543228 0.4917635791963768 0.1759422736953583
1 0.3115043271124332 0.17890246415152714 0.2670159243405617 0.23059214357543228 0.3739247542699601 0.23180659701899148 0.4015912709622509 0.17897836908424988
1 0.0471782121627208 0.2599664607389741 0.0007258265866585549 0.29639973280569437 0.2524568824052649 0.3152235700808298 0.29310271261806814 0.25875203277541914
0 0.22581502497472114 0.17616998849352647 0.3108638935750877 0.17920608388241804 0.2668024560497815 0.23081985837360045 0.1612598575793823 0.23081985837360042
1 0.3350075657212796 0.0863916359170625 0.3059103803433529 0.11401563035527021 0.37094409641109466 0.11444226874643804 0.3959016769876335 0.08457847646033806
0 0.3967115930988881 0.0840451963732913 0.3709440964110947 0.11444226874643804 0.4390975050159908 0.11273578678941866 0.45253621154473583 0.08287197660140566
1 0.5118704463330344 0.07935231728574882 0.5070709255496131 0.11049597103961338 0.4386775328496849 0.11262910928971369 0.4525962075684938 0.08319195539478152
0 0.5118704463330344 0.07993892717169165 0.5706647974661198 0.07764581742681641 0.5754643383891932 0.10708297132174852 0.5068309414545811 0.11049597103961338
0 0.5706047611630575 0.07759248762792044 0.6313789005215475 0.07551269707862918 0.6464974151569075 0.10409659209313854 0.5759442662999528 0.10750959181100339
0 0.6313188843581375 0.07524604808414927 0.6467073911702345 0.10425658148982646 0.7184604605023487 0.09999032289153886 0.6918230516795428 0.07140642787702957