1 0.46135031545203653 0.8433195612503501 0.8272934460094318 0.7993995230774983 0.7458440783431761 0.7335194658182204 0.42588963144495356 0.75098111032491
1 0.04349499788804418 0.7911085514765835 0 0.8900670235967019 0.47209409485217707 0.8415051361492271 0.4348487884296883 0.7486173546627293
1 0.7073680891578966 0.6811811069650924 0.610430987797749 0.6081504092492304 0.7065225467478188 0.6023266784037715 0.8223627929756137 0.6705475254505744
1 0.7966878907931494 0.5988030748467117 0.9265930763556907 0.6593083191267637 0.8216143470634526 0.6706708063155058 0.7064413362965645 0.6022118210033343
1 0.8796162933847348 0.5936899556117778 1 0.6431167748828062 0.9249952265947736 0.657888008228171 0.7964641918266205 0.598519012666993
1 0.5168784493291592 0.6144552871205323 0.58211553516682 0.6891712657722123 0.70782238133862 0.6813651187489025 0.611639498372838 0.6085077465313438
1 0.4075226932615418 0.6237483192911393 0.4508049905961437 0.7010663469505892 0.5820318978772846 0.688799544485388 0.5170039052634624 0.6144552871205323
1 0.292939606597958 0.632669630174922 0.3029760813422135 0.7122179855553176 0.4506795346618405 0.7014380682374135 0.4080245169987546 0.6237483192911393
1 0.16873823163779592 0.6423343836323532 0.14343795155331845 0.7304323286097073 0.3039797288166391 0.7125897068421418 0.2935250676247063 0.6334130727485705
1 0.032618542918830436 0.6505122519424874 0.00669098316283702 0.6873126593380909 0.1419742989864479 0.73154749247018 0.16811095196627998 0.6412192197718805
1 0.0391900159757927 0.5232643624926353 0.010962242230990966 0.5520097976761227 0.10660780569638713 0.5515225869103009 0.12524361748907176 0.5198538871318824
0 0.2038977054964319 0.5164434117711298 0.19595007987896348 0.5500609546128353 0.10660780569638711 0.5500609546128353 0.1257917296006213 0.5188794656002388
0 0.2773447284440714 0.5164434117711298 0.2839220737826659 0.5471376900179045 0.19540196776741386 0.5485993223153699 0.20225336916178324 0.5164434117711298
0 0.34832524688973787 0.5149817794736644 0.3661388905150981 0.5427527931255081 0.2836480177268912 0.5461632684862608 0.27844095266717045 0.5164434117711298
0 0.4171133168892061 0.5120585148787334 0.44342269824358443 0.5393423177647553 0.36586483445932333 0.5427527931255081 0.3477771347781882 0.5140073579420207
0 0.6618453746960794 0.5388551069989336 0.6045676590391516 0.5130329364103771 0.6604750944172054 0.5076736179863369 0.7292631644166737 0.5354446316381807
0 0.7942144496352952 0.5330085778090716 0.7276188280820252 0.5354446316381808 0.6593788701941062 0.5066991964546933 0.7251523235800522 0.5091352502838024
0 0.8547808379615203 0.529598102448319 0.7955847299141691 0.5339829993407152 0.7240560993569531 0.5101096718154461 0.7873630482409258 0.5032887210939406
1 0.9117844975626733 0.5276492593850316 0.853958669794196 0.5291108916824971 0.7898295527428988 0.5042631426255842 0.8383374746150338 0.5052375641572279
1 0.8802680511485744 0.5018270887964752 0.9671438208291776 0.5247259947901007 0.9115104415068985 0.5271620486192099 0.834500689834187 0.5052375641572279
1 0.9306943654111329 0.5003654564990098 0.9997564914663758 0.5159562010053079 0.9663216526618533 0.5247259947901007 0.8810902193158986 0.5042631426255844