1 0.010771751403808594 0.6163720466472484 0.25153883298238117 0.5580808586544461 0.3178266684214274 0.958754265749896 0.20703125 0.9991582676216408
1 0.2503550847371419 0.5561868614620633 0.4504024982452393 0.5058922679335984 0.6208570003509521 0.8257576006430167 0.3178266684214274 0.960437677524708
1 0.148006618135297 0.3293970443559578 0.14894154841057367 0.39172384633255686 0.45979637127076184 0.34186243264819377 0.41866069451981874 0.29283199835511947
1 0.4211732215595287 0.29625997141769794 0.45862776727172366 0.34279732805232516 0.701702204751372 0.30457021865547357 0.637661403166804 0.2646810807337542
1 0.8710946860229691 0.5190782204853067 0.8924221748621222 0.405955109420213 0.9986900689577235 0.4724370873224178 0.9982226822801619 0.6153731445337447
1 0.08039461061115354 0.24785654023129824 0.07013081551783061 0.30792115337883724 0.20215644375485495 0.2919482774632507 0.19092552323117248 0.23781805539294038
1 0.32129769247128415 0.27958040286308494 0.292908453729013 0.2319946275333944 0.1903327729890627 0.23776259240208858 0.20181327697157841 0.29366757432568863
1 0.39473538409246356 0.2313845346340243 0.4296760210672005 0.268820917761643 0.32136010928123065 0.27991318080819594 0.29340764159191757 0.23243831284221944
1 0.4726342438962379 0.21247223191122835 0.528820013029147 0.25634211717977357 0.429246113349898 0.26920914007961616 0.3945550807792325 0.2323828498513676
1 0.5482937996871221 0.20354296965392796 0.618674198663786 0.2434751128979205 0.5290764807688741 0.2563421171797736 0.4726723156368669 0.21330415815601622
1 0.6316452562826922 0.19810776411235514 0.7072667403329476 0.23227192386966394 0.6194160438141535 0.2438078722250419 0.547538206920205 0.2038757289810494
0 0.5280088877331774 0.12556438761892577 0.5859728866471775 0.14885813629308894 0.6466198030174435 0.14442124596885944 0.5799830511970865 0.12134932133111923
0 0.23887526862020636 0.13815409556450928 0.25684473308000305 0.1665502904531239 0.3287226118644278 0.16122599227526516 0.3015188107706615 0.13416089985809956
0 0.17099064139615994 0.1410935409897082 0.17997537362605825 0.1709871807773534 0.2560960036487417 0.1652192159086592 0.2361299343539941 0.13460457585792984
0 0.09926878369136319 0.1417036152710887 0.09717859553196892 0.1755350157012761 0.17829074811464882 0.17021073614140694 0.17080347474727325 0.1413708559439673
1 0.027047780014138285 0.1498009699015909 0.010825357875697621 0.1817466844967849 0.09692901207313573 0.1755350157012761 0.09942478382575307 0.14270193048843202
0 0.4500918037726192 0.5096156167517948 0.6213365727607674 0.8309335785348023 0.855381252358779 0.7296366770436702 0.6348155859911154 0.42356777679314256