1 0.7259841216849786 0.5958400998710413 0.8080101354336738 0.6637867779265109 0.4408040738848585 0.7073423407825813 0.41140406895701104 0.6306845501558975
1 0.8574261480521052 0.3653646667904692 0.9401294176978351 0.39035943272784535 0.9903716540076162 0.38705130194201615 0.9051872862725143 0.36389438644121175
1 0.8104920425281534 0.3686727975762984 0.886579050602225 0.3914621429897884 0.9405429340460638 0.38962429255321657 0.8586666970967911 0.36536466679046914
1 0.8326151671583862 0.39477027377561763 0.885958776079882 0.3929324233390459 0.8117325915728394 0.36940793775092706 0.7747228784063753 0.37528905914795674
1 0.8986063408166383 0.5248227185754221 0.7702231089325636 0.4631187555387768 0.8571850128825608 0.4597284278994007 0.994874694136723 0.5166859322409193
1 0.933696231884181 0.45226970709277325 1 0.47803619715203166 0.9966291886901001 0.5166859322409193 0.8555068007010694 0.4583722968436503
1 0.6838714639576539 0.46854327976177856 0.7979136099271678 0.5377059636050512 0.9001319882543577 0.5255007841032973 0.7738846627830895 0.4624406900109016
1 0.6812015809416451 0.5458427499395538 0.5896627346784901 0.47803619715203166 0.6873041706925221 0.4705774763454042 0.7967693743488783 0.5343156359656752
1 0.49469118168046683 0.4821045903192831 0.5576241384863858 0.5560137328576822 0.6838714639576539 0.5471988809953043 0.5908069702567796 0.4766800660962813
1 0.38217468314867215 0.4875291145422848 0.42718128256139004 0.5702531089430619 0.5576241384863858 0.5539795362740566 0.49507259353989663 0.48142652479140774
1 0.2631741830065707 0.49634396640466266 0.2769050099460439 0.5811021573890655 0.4256556351236708 0.5688969778873114 0.38331891872696155 0.48820718007015995
1 0.13540121009758346 0.5038026872112901 0.10908379179692641 0.6007660576974468 0.27995630482148237 0.5797460263333151 0.2650812423037197 0.500412359571914
0 0.09001319882543575 0.3742921713871227 0.06598425168135755 0.4163322341153865 0.16248145211710013 0.4129419064760104 0.17163533674341566 0.37497023691499787
0 0.24906194420766756 0.3763263679707483 0.2551645339585446 0.4102296443645095 0.16133721653881067 0.41294190647601037 0.170872513024556 0.37497023691499787
0 0.3215301974993319 0.3742921713871227 0.3394565548925331 0.4075173822530086 0.2536388865208253 0.408873513308759 0.24868053234823775 0.37903863008224925
0 0.39056574405612804 0.37497023691499787 0.4214601046699428 0.40683931672513335 0.3402193786113928 0.4041270546136324 0.3219116093587618 0.378360564554374
0 0.5827973212087535 0.3763263679707483 0.6383301406892984 0.40280833015910905 0.7054648623824833 0.40036262080780904 0.650573973129244 0.374927243554289
0 0.7698481610554556 0.39742776958624904 0.7049145777784407 0.399628908002419 0.6501887739064139 0.3741935307488991 0.699576817119228 0.3719923923327291
0 0.8323054636142792 0.394248347429559 0.76951799029303 0.39767234052137906 0.7030986385851002 0.3719923923327291 0.771058787184349 0.3744381016840291