1 0.3997492206368816 0.42032849032612174 0.339619811404593 0.49753168242683793 0.6648382581288603 0.48829369362846153 0.6923047783954613 0.4005328000438867
1 0.9531624870896119 0.19993647185057278 0.9739479618859586 0.3035339176609357 0.7985334013725047 0.32200989525768814 0.8148648458553485 0.22171173116103124
0 0.652515440928169 0.337186591140735 0.8017254564305146 0.3206901825722059 0.8154587165638152 0.22303144384651355 0.6933440521352785 0.24150742144326617
1 0.5883031705751693 0.2560242609835718 0.5281737613428807 0.3497238616528171 0.6540001176993365 0.33718659114073496 0.6940863905208623 0.23952785241504262
1 0.4951397031844012 0.27186081320935973 0.417936511083685 0.36160127582215806 0.530771945692424 0.3503837179955583 0.5875608321895857 0.25866368635453646
0 0.3229171977289572 0.36951955193505204 0.41979235704764445 0.35962170679393457 0.49532528778079715 0.27252066955210086 0.41385364996297397 0.2876973654351477
1 0.9199685490921954 0.052706918462918764 0.9302226206352633 0.09075100998502555 0.831694367982307 0.11294339670625449 0.8357068307600294 0.07727706090427941
1 0.7599158671808321 0.09352505832517917 0.7436431014711811 0.1335506129473957 0.8328089409761188 0.11254710408623257 0.8365984891550787 0.07727706090427938
1 0.6874686225830703 0.1109619336061448 0.6613876145278759 0.15138378084838322 0.7438660160699435 0.13355061294739567 0.7596929525820698 0.09273247308513527
1 0.6176963531704565 0.12958768674717622 0.5862653947449659 0.16723548564926108 0.6636167605154993 0.1509874882283613 0.6876915371818326 0.11215081146621061
1 0.5590698136959598 0.14226905058787848 0.5167160399311145 0.1826908978301169 0.5873799677387777 0.1668391930292391 0.6176963531704565 0.12879510150713233
0 0.4531853792838462 0.19418338381075337 0.5180535275236885 0.18189831259007308 0.5590698136959599 0.1418727579678565 0.4955391530486917 0.16089480372890994
1 0.44074074427286786 0.8242798346060294 0.7275854766053612 0.879978052196665 0.7118500543897236 1 0.36474455065276895 0.998444954300605
1 0.23761574427286783 0.7872427975689923 0.4526779644235862 0.8256807597253066 0.3860337036384481 0.998444954300605 0.1029980955928575 0.9975965783324501
1 0.0743634303410848 0.7595164599242034 0.24762536233453858 0.7919249517484165 0.11341126134053527 1 0.0011804661215464307 0.8536265103354028