1 0.7034796369010631 0.42801638750814935 0.7468596761755376 0.8341820885669338 0.9987531042293204 0.5989658756120049 0.9235610361535644 0.4228750495200634
1 0.5010394536201815 0.4267310530111279 0.42295538292612733 0.7956220536562895 0.7483056774846868 0.8290407505788479 0.7020336355919139 0.4293017220051708
1 0.3182994535421961 0.4227084376390385 0.13759159645150706 0.7665113002521232 0.42418791717077525 0.7958190852617634 0.5034457492280949 0.42721732764052156
1 0.14583441098546832 0.42045399263829697 0 0.6030640376983616 0.13949378442088273 0.7665113002521233 0.318299453542196 0.42496288263978005
1 0.12427628066587734 0.2198083875723001 0.07291720549273416 0.2637700650867601 0.332882894640743 0.26151562008601853 0.36204977683783657 0.21529949757081696
1 0.6201132780164695 0.21079060756933388 0.6188451527035526 0.25700673008453545 0.3316147693278257 0.2626428425863893 0.36078165152491937 0.21868116507192928
1 0.9149524132696989 0.1961367150645139 0.949191796718461 0.24348006008008627 0.618211090047094 0.25362506258342316 0.620747340672928 0.20628171756785083
1 0.8662407993868106 0.09640754274705857 0.9157130910596434 0.15349095621571168 0.9996732783697873 0.1112069462389316 0.9763642178700872 0.09006494125054153
1 0.7623014173626381 0.10528718484218239 0.7889403436480097 0.15856503741292527 0.9149995483912853 0.15264527601617608 0.8662407993868106 0.09767606304636196
1 0.6635946815730922 0.1112069462389316 0.6702544131444351 0.1653304790092101 0.7899393033837107 0.1577193572133897 0.7630625295422198 0.10275014424357555
1 0.5686935066814564 0.11797238783521644 0.5577525190999645 0.1695588800068881 0.6704922607005545 0.16406195870990667 0.664070376685331 0.1112069462389316
1 0.478311435356089 0.12093226853359099 0.4492940335095238 0.1742101211043339 0.5596552995489198 0.16871319980735247 0.5679799640130982 0.11628102743614521
1 0.38959429692355735 0.12304646903243 0.34535465148535127 0.1771700018027085 0.4511968139584788 0.17505580130386947 0.4771221975754922 0.12346930913219778
0 0.24712361080804404 0.17674716170294072 0.3486845172710227 0.1746329612041017 0.3900699920357962 0.12473782943150119 0.29849868292983184 0.12558350963103682
0 0.1507953505796919 0.17759284190247632 0.24926423881311852 0.1767471617029407 0.294930969588041 0.12812055022964358 0.2143006480635685 0.12727487003010798
1 0.3829345653522145 0.060466134266795514 0.4090977965253471 0.035095728280727476 0.4659433624378809 0.03044448718328168 0.4478669481728074 0.058351933767956485
0 0.5275458794728023 0.02537040598606804 0.5151778065545941 0.053277852570742884 0.4469155579483299 0.059197613967492076 0.4668947526623584 0.031713007482585036
1 0.588672701395485 0.019450644589318836 0.5848671404975748 0.05116365207190387 0.5147021114423553 0.05370069267051069 0.5280215745850411 0.02494756588630026
0 0.6520877840635805 0.01676048922894342 0.6566588265805652 0.046218318782844 0.5840935266234349 0.05129725491282686 0.5883788789831079 0.020315744519931418
0 0.7177945067728425 0.015355308950788335 0.7300059485893101 0.037064538846730465 0.6555459375132889 0.048183900500749624 0.6504826567601196 0.01694378918707679