1 0.08098955949147545 0.45879629806235983 0.0017786946175240754 0.6025159521067588 0.19757820127663395 0.8209705540981976 0.29235346311708177 0.437749359883764
1 0.4963541428248088 0.4078703721364339 0.5412687688771792 0.7672825443297536 0.20070261330662184 0.8209705540981975 0.2923534631170817 0.4358980784249325
1 0.6954087333377097 0.37850743511696483 0.8693369584913077 0.7098920422655074 0.5402272187413975 0.7672825443297537 0.4944018732952866 0.4025745178129395
1 0.1445603580092375 0.23302934693226937 0.10118781889424658 0.2905954588388846 0.41404843634037697 0.250504786365503 0.41578331143247965 0.20321830088652887
1 0.6748619627276898 0.1713513530835476 0.7124514966273487 0.21452595662041538 0.413470100522181 0.254616629093797 0.41578331143247954 0.20527424185758208
1 0.16834198506856204 0.1537939198354028 0.11638475844223865 0.2095409697567365 0.2349384786989798 0.19707482955761105 0.26399247882394905 0.14899120739741187
1 0.36081633685655246 0.13597995235249408 0.3494847339696942 0.18757683738732467 0.23460450417446838 0.196481213538843 0.2629906062077725 0.15136571676248323
1 0.455348186655369 0.12821432971053567 0.46302914210291113 0.17392346515066315 0.35048660658587066 0.18579596668602094 0.36050523083291924 0.1377123218808221
1 0.19463106433453206 0.06695545065970013 0.1633235775033913 0.09546481571135527 0.23211710538458447 0.08976056774357118 0.2571876155056581 0.05981323191270491
1 0.3209670383022697 0.0519698909570018 0.30452077974557584 0.08334329217981407 0.37544438692810095 0.07264780344021904 0.37704887607223203 0.04341350540532574
0 0.4416184424484048 0.03708850544389961 0.4467580865787652 0.06666167310272386 0.37676117653763935 0.07379198986245393 0.3781651198405884 0.04313163323561459
0 0.44715920886479793 0.06773123149668334 0.5177578176368074 0.058818342347020686 0.5011109826352628 0.03136660650206 0.4429473636541163 0.03778389566581704
0 0.5012966109672897 0.03173920182315922 0.5171561189059238 0.05881834234702068 0.5871566692716683 0.04990544639735808 0.5610833228318441 0.027444937724208435
1 0.4559876925004814 0.12691285516244294 0.46340856190492835 0.17361642449867495 0.5725155069076251 0.16006882537518777 0.5482472260567827 0.11550434562687484
1 0.54863231671308 0.11532478538542919 0.5731011510560217 0.1606022995297151 0.6848154062197657 0.14634166601025497 0.6487138496107783 0.10926401341965865
1 0.7347435642911634 0.0883526651426617 0.7945240193496772 0.12851587411092982 0.6830103253289493 0.144202562822336 0.6485132884677618 0.1096205374176451
0 0.6387343134482785 0.2683646762777814 0.8730688575736743 0.7157645369881656 0.9945755907891327 0.679124002933285 0.9798611410132987 0.14108723687215527
1 0.8222548282117134 0.07720828259945255 0.902565919040997 0.11237034607327166 0.796066330104851 0.12912662037863715 0.7344744099421182 0.08955334060213536
1 0.9995338372773167 0.09668365736186546 0.9026613056206323 0.11272687007125813 0.8211228650582465 0.07671876227462132
1 0.9361664480825777 0.13594144723710544 0.9971231582989859 0.17372193437506736 0.7119085786232051 0.21728623557866036 0.6771003276020987 0.17498469636571118