1 0.6348562886272962 0.48927950488847954 0.8442551112949747 0.48927950488847954 0.9987102361182326 0.831252371159987 0.68041719662664 0.8939884551725195
1 0.4399675105119764 0.48589667986532226 0.6347490588140161 0.48804940077582604 0.6790333294999049 0.8902980912167453 0.35658857248802633 0.8706162189430348
1 0.25238563444657025 0.4808224423305863 0.44119932472273693 0.48666557881467754 0.35747428925951275 0.8753829175451541 0.05578782949886338 0.8495503698547355
1 0.07066450273383733 0.4757482047958503 0.2516072055584042 0.48174505912843657 0.0564797340272109 0.8507806288208295 0.0018163147157075046 0.560472599841092
1 0.05912784969369369 0.26360075678756245 0.30317458249099805 0.2636007567875625 0.2667134441339275 0.31632091811822244 0.0017622823700365942 0.3068140061580045
1 0.30343026407267526 0.26301175100429236 0.5559641636225359 0.2629229976810021 0.5543659331232866 0.3176208883647458 0.2658698688342476 0.31620017941607775
1 0.5550651170492067 0.26301175100429236 0.8237320233931452 0.2573288555936177 0.8652882296177044 0.31344751484203176 0.5544158317171366 0.31628896254736905
1 0.32266000174555426 0.1829183674270946 0.41326458075241995 0.1847830963602233 0.3852940044515032 0.2366395393386297 0.2794056001640402 0.23237738268462424
1 0.31823843439374316 0.11897722546212311 0.34918790466722643 0.09153497267374656 0.40498413713038317 0.0900762494423395 0.38385539763489135 0.11998009864012983
1 0.4136510017645698 0.18384489158597095 0.5032941867699954 0.18420956856816512 0.4922170029276332 0.23562961986012787 0.38411182189765847 0.2356296198601279
1 0.45024161644888205 0.11897722546212311 0.4658830316602872 0.08848076660412325 0.523115171133104 0.08665735873920682 0.5188073812422874 0.11838462345322874
1 0.5032172508834357 0.18329786846136453 0.5953220399495902 0.18110977596293876 0.6029119571110727 0.23435325807376337 0.49234520645128727 0.23581195069990987
1 0.688862753240864 0.17714386978651478 0.7160172649336061 0.23052409620151829 0.6023734919824502 0.234535573610915 0.5960143596358731 0.18056276814096262
1 0.7847625008877598 0.17363381366349115 0.8350714090668296 0.2293844481140721 0.7152736431793105 0.2304785249685455 0.6888114769960401 0.1768703658755267
1 0.8882778167301443 0.17012375754046752 0.9566128082947887 0.22737870175805858 0.8351739787719367 0.22920210197165986 0.7847112246429359 0.17413525025249454
0 0.6426052279053025 0.0843781008208901 0.6583492128218145 0.11400844610769235 0.7313766048482376 0.11036164568048984 0.7016323027865715 0.08155182742928212
0 0.5875782596227178 0.1176552618375252 0.6583492128218145 0.11364376912549816 0.6429642218731766 0.0844692738920962 0.5824499379142348 0.08519864315911485
0 0.5230126014279971 0.08688528376590698 0.5825525076193416 0.08478837964131763 0.587065436920372 0.11651562905270922 0.5187560963897339 0.1183390445689408
0 0.40631749165039543 0.09048654356539727 0.4647804331535768 0.0882984357643413 0.4506262442353034 0.11856696194432582 0.383342566324816 0.12002568517573288
0 0.17523498716734262 0.23330476775489298 0.24110837467125804 0.17741738900013315 0.323982165725138 0.18325228192576146 0.2784426111098656 0.2335783175737719