1 0.09421523410571254 0.7565511591551813 0.003182947098165941 0.8233223160589296 0.39277567191368 0.8448248920109841 0.42587832173460605 0.7701317334406894
1 0.7989197216396572 0.7950294529641209 0.8393431497863649 0.8787763277247544 0.3894654069315878 0.8431273202252956 0.4241595303015969 0.771829305226378
1 0.8945965111688938 0.6620578023085846 0.9819690432524065 0.7446331435855345 0.8121757713018247 0.7351751749811262 0.7651132832943119 0.6591476581226129
1 0.6454288690415038 0.6541720523743814 0.6574823327691991 0.7269476824283916 0.8140863916916719 0.7354381726013595 0.7654176890930524 0.6590237610446488
1 0.5317169470821127 0.6505332708716809 0.511476224973341 0.7188615013112795 0.6582100890697391 0.7257347552608248 0.6450195061224497 0.6561935976536594
1 0.4241454689085288 0.6489160346482584 0.3732025278707215 0.714009792641012 0.5142053111003665 0.7184571922554237 0.5314895232381939 0.6525548161509589
1 0.3188482291741325 0.6456815622014135 0.24015957917823394 0.7091580839707446 0.37547676630990934 0.7144141016968676 0.4236451364519075 0.6485117255924028
1 0.21491553250324913 0.6440643259779911 0.1132570742715535 0.7018805209653437 0.24698229449579742 0.7059236115238998 0.3190756530180513 0.6468944893689803
1 0.4268614956316264 0.5558752291758848 0.4087613615412394 0.5730368377949183 0.4865919381299034 0.5706234865828667 0.4963961774288631 0.5531937278291607
0 0.5622386304816963 0.5529344451072946 0.5565232023231353 0.5812900576768997 0.48496072510059557 0.5704204061918845 0.4969232491533976 0.5517529612502279
0 0.630956685318348 0.5578966773069756 0.6361404457412291 0.5815263544483131 0.5563902853892153 0.5798722770484195 0.5622386304816963 0.5531707418787082
0 0.7181501939698831 0.5822352447625532 0.635874611873389 0.58270783830538 0.6302921006487481 0.5595507547068692 0.7015355772298802 0.5571877869927355
0 0.7765007279607731 0.5597870514782826 0.8056095364892581 0.5864885866479939 0.7193464463751632 0.5829441350767933 0.7019343280316402 0.5574240837641489
0 0.23426786887686865 0.5547812800189179 0.19036459509934456 0.5735133434973282 0.13416840466411367 0.5675815233958316 0.17701799987097722 0.5522836715551299
1 0.2544633748145298 0.581318369946666 0.1872035593873628 0.5735133434973283 0.23426786887686865 0.5557178831928385 0.289585993836549 0.5575910895406795