1 0.7581419520904861 0.6524015835913934 0.7937971822624621 0.7421999410615551 0.3525955495598592 0.7710479793889938 0.3978821434681245 0.666947749388776
1 0.06762224250466803 0.6874694492566047 0 0.7601303571335695 0.36234408238127075 0.7692351946963497 0.4026947688347326 0.66937023878731
0 0.7640286583779773 0.4254018074945831 0.6775458733378698 0.43163480101098733 0.6620607800705531 0.4015086656817007 0.7351036728409143 0.3952756721652964
0 0.5943546441028449 0.41263316846456755 0.5992410895188727 0.44043161349797 0.6808447279665365 0.4340611365111486 0.6619504723578957 0.40278788584857084
0 0.5272914459302634 0.4138334032246269 0.5209454876094398 0.4425504671410818 0.5996930613178435 0.4394736388643188 0.5950778189026988 0.41280779379903926
0 0.5267145406283704 0.4138334032246269 0.5223877508641724 0.4446016859922572 0.445370893061448 0.44921692840740174 0.4603704309106677 0.4199870597781529
1 0.8494930570375416 0.5066510562403115 0.9270868201421592 0.5933150527024701 1 0.5220351976241265 0.9678740249859977 0.49895898554840395
1 0.7214200800172806 0.5153687363578069 0.7693032200744052 0.6025455375327592 0.9279521780949987 0.5917766385640886 0.8486276990847019 0.5066510562403116
1 0.608058188195293 0.5235736117625082 0.6181540309784216 0.6076735846606974 0.7695916727253517 0.6004943186815838 0.7240161538757994 0.5143431269322191
1 0.49844618083561015 0.5307528777416219 0.4779660426184062 0.6112632176502544 0.6193078415822078 0.6071607799479037 0.6077697355443464 0.5240864164753021
1 0.4972923702318239 0.5327091414660208 0.4785429479202993 0.6132194813746532 0.3399156150786897 0.6203418432318122 0.3896995314287669 0.5373243838811652
1 0.28204175174625745 0.5455113514225725 0.2032941780378538 0.6301241290335557 0.34146299784124334 0.6219192536288543 0.39021149585120757 0.5378192807306649
1 0.1800935632044773 0.5504273752170962 0.07603950446411264 0.6338646624121671 0.20701664134009615 0.6286902570047208 0.284511447325053 0.5452529698096498
1 0.3936203545053935 0.42903185805684085 0.3698250522634528 0.4546864348108758 0.44689112791154467 0.4503196983421039 0.46055423694078806 0.42084422717789344
1 0.20164268304007826 0.44200723413313797 0.14789441842922332 0.47190591036111174 0.22192831839320734 0.46759063750346597 0.2533103696659968 0.43892489637767673
1 0.2948993541510251 0.46004591154864194 0.3728276578704441 0.45333204355015294 0.39351658806144024 0.4288118299904537 0.331285599629793 0.42968755190330016
0 0.09125466955375741 0.46712180498846445 0.14996396744848248 0.4719433415305433 0.2012707886521335 0.44244688268488436 0.13777540668990368 0.44301412227807013