1 0.07057289282480879 0.5768518536179154 0.0007372239408614275 0.8820636897019676 0.35900861939204154 0.8654018740850408 0.3058927408319347 0.5303148452625565
1 0.3062499761581421 0.5305555573216191 0.36213303142202957 0.8654018740850405 0.6662470776364401 0.759877277250706 0.4985677560019372 0.4747755540352811
0 0.9182291428248087 0.6717592610253228 0.6860354177886268 0.3599943380412064 0.49648481464861205 0.4784781875748049 0.6714545104788724 0.7580259251700138
1 0.20843239893791665 0.3384645634515272 0.21002990040871877 0.3896792099382295 0.5107462174916504 0.3394322369086963 0.4716531022360053 0.2988069656677797
0 0.47235655788382014 0.2956886313906527 0.5083404322592785 0.3383631272125661 0.7600221732997662 0.2934615395342238 0.6878502682124213 0.2592508449053581
1 0.1467297878751194 0.27563741323711777 0.13573515299713784 0.32339595850802855 0.2596302704961116 0.307359680107361 0.25121020572545577 0.2645962710389139
1 0.3466937306631639 0.2523154779365635 0.37352116010597725 0.29233554669448414 0.2596982922171343 0.30635825902343317 0.2503069674296076 0.26429016024540325
1 0.4783283504667848 0.2776450970761996 0.4463978461891941 0.24893196060151077 0.3468498034414112 0.2516029479676701 0.3735211601059772 0.29233554669448414
1 0.5241580039658955 0.22889953625090775 0.5786276877335503 0.26161916014297165 0.477201380028262 0.2776450970761996 0.4452708757506713 0.24893196060151088
1 0.5988944052554849 0.2164135403989023 0.6672818166558412 0.24425773589480024 0.5793789822525329 0.2609514228536361 0.5249092984848781 0.22956731174906048
1 0.6759165852054674 0.2030546799197725 0.7618829184839062 0.22939424115408638 0.668720965127622 0.243416940746763 0.6011033979973811 0.21537156703395455
0 0.3142366419689788 0.20283882304636064 0.38298115087769363 0.19415809818600255 0.3551828524346537 0.17212242375857575 0.29507834513443415 0.17879989854211006
0 0.2339783453705065 0.18218146042113229 0.23873039640927401 0.20818079777867915 0.3127340242709647 0.20283882304636064 0.2950783451344341 0.17746441122716666
1 0.03326033764208998 0.2946010264177525 0.000873183009078519 0.343932110543963 0.13624589338488893 0.3261461301395552 0.14684029737624485 0.27697313957818587