1 0.740634010860503 0.7130291780735513 0.7786754533967748 0.7990268424079492 0.3438758546303482 0.8457828540849033 0.377220822779426 0.7564454746307231
1 0.04414685923962415 0.7981919136280035 0 0.8457828540849033 0.3456605148974826 0.8491225692046858 0.379381200997536 0.7556105458507774
1 0.5931925662078719 0.5800105091810301 0.605630474854166 0.6667569489705685 0.7563205219150366 0.6488973878374282 0.7060905062280797 0.5655527692161072
1 0.8290344493856788 0.5502445739591298 0.9122727610954932 0.6276360055360708 0.9998165027213324 0.5655527692161071 0.9471945815254728 0.5315345575339354
1 0.7070472684316407 0.5698050456763786 0.7551245691605852 0.6471964772533197 0.9127511421972737 0.6284864608281251 0.8295128304874595 0.5493941186670755
1 0.4826865316965666 0.5944682491459532 0.4640296687271255 0.6778128677672743 0.605630474854166 0.6642055830944056 0.5927141851060914 0.5817114197651388
1 0.3736156404906031 0.6157296314473107 0.32434238700720736 0.702476071236849 0.4649864309306866 0.6812146889354915 0.4836432939001277 0.5978700703141704
1 0.26767133723827485 0.6288800713740639 0.1874721006993261 0.7187849480037135 0.3259051777824797 0.7028926718318057 0.37341173191064686 0.6166203154700207
1 0.16193094256590293 0.6443182825124886 0.05619054789353098 0.7374016143765197 0.19155868600067377 0.7178768179367473 0.26690510249427213 0.6320585266084454
1 0.37727194906795025 0.5031554327842106 0.3522908117331273 0.5359589464562001 0.42836972998008793 0.5248562187518344 0.44398294081435224 0.4925573745209523
0 0.7440404653928501 0.47539861352329627 0.6608646331303146 0.48852001899209213 0.6418449035685744 0.4612678691722853 0.7145173030880593 0.4521838192323497
0 0.5768371711859105 0.47388460519997366 0.5825147023983701 0.5006320855786728 0.6617162628121835 0.48852001899209213 0.6455352988566733 0.4632865469367154
0 0.20267451504082548 0.5595696226744798 0.2787063456547726 0.5456009243110934 0.31082921633969246 0.5164309953757864 0.24381027750065093 0.5242370326965023
0 0.18233773360001285 0.5357406666428205 0.12872258252877972 0.5686081922037298 0.0747376717949863 0.5677865040647071 0.11933993109131391 0.5386165751294001
1 0.1290461222335199 0.5681973481342185 0.20415355369106644 0.5599804667439912 0.2427472184707903 0.5250587208355251 0.18243017351565297 0.534097290364775