1 0.9090984561958432 0.8627522603897805 0.7332948576814999 0.4884176019561981 0.5373039258016308 0.5003012419064707 0.5881064865890457 0.8817660843102165
1 0.34358574006225245 0.507431425876634 0.26537653463952193 0.8924613602654617 0.5882401775384868 0.8817660843102165 0.5387745262454776 0.49673614992138887
1 0.14371777064860758 0.512184881856743 2.960594732333751e-17 0.783131872722955 0.2633711703979134 0.8888962682803798 0.3442541948094553 0.5062430618816067
1 0.45702435031534766 0.28995069322531253 0.4562909993039302 0.3358421698509016 0.15406238047857504 0.3410571103765367 0.18720984619464326 0.29360115159325717
1 0.718971752910243 0.28161959028309674 0.7522610251312069 0.3258352264386555 0.4562543470836475 0.33399811311352784 0.4562543470836475 0.2911429580704479
1 0.8304760343221209 0.23840898747421754 0.7697630183073798 0.18639248111620646 0.6751579973687473 0.1924610735246411 0.7205098888496381 0.24274369633738513
1 0.5851856965276249 0.19549536972885836 0.610299916003602 0.24707840520055271 0.7188030972347659 0.24144328367843487 0.6751579973687473 0.1924610735246411
1 0.4949695683129493 0.19896313681939246 0.5022843895195447 0.24837881785950303 0.6105925088518659 0.246644934314236 0.5854782893758886 0.19462842795622487
1 0.4034874133509785 0.20173068170895328 0.3934060892521452 0.2509129553487394 0.5033628567487223 0.2479953628446843 0.49609492542165634 0.19881308920489818
1 0.9387475925260361 0.23446486700744898 0.8585943567403458 0.18394045122133204 0.7711140938606726 0.18788767120462244 0.8308404662328353 0.23841208699073932
1 0.9496271176049802 0.18117739723302875 0.9995841205184994 0.20801849311940337 0.9378594680297959 0.23407014500911993 0.8590384189884659 0.18512461721631912
1 0.31054594752715375 0.19957176242334393 0.2820580813143994 0.25222260426869847 0.3943171976775303 0.25071829450168837 0.4036251143609055 0.20308181854636756
1 0.1693028043181418 0.2530928138557975 0.2156613890343027 0.20046955552934456 0.3105711942302269 0.20019112559110933 0.2826933966644274 0.2525359539793271
1 0.20792848760417754 0.1361233961402144 0.23502555114833903 0.11175562769536124 0.2966355674222172 0.11154556072600906 0.2777295401805207 0.13612339614021443
0 0.3475385347729473 0.13647947766871302 0.3610251047790618 0.10881471868181172 0.2962599279365125 0.11065903594760516 0.2775862156203541 0.13621600377359966
1 0.4177872620575432 0.13726989935405307 0.42119595557557205 0.10828777089158503 0.3598394722510517 0.10960514036715176 0.3476867388389487 0.13647947766871302
0 0.48136680637208235 0.10749734920624499 0.48640574461612507 0.1346351604029196 0.4180243885631455 0.13674295156382635 0.42128487801517317 0.10749734920624499
0 0.5413894531025913 0.10960514036715176 0.555024227174707 0.13331779092735288 0.4867021527481276 0.13437168650780626 0.4813668063720824 0.10828777089158503
0 0.623702554138678 0.1299115411780529 0.5556102569437212 0.13372623569877876 0.5413051524909992 0.10935457626080797 0.5988831979132052 0.10469217184658748
0 0.601529642236959 0.10829493889393968 0.6239409725462234 0.13160696096504218 0.6865258045268819 0.1252491367638324 0.6655449846628898 0.10596373668682942