1 0.7428234619815804 0.21783241153955027 0.7794910125524523 0.26617925599595915 0.4769226077584746 0.2781301613672063 0.4766170448370506 0.22869687096795674
1 0.2095440172959261 0.2304689472931283 0.17373586244155895 0.2823391963002773 0.4777736217142872 0.27880258841342637 0.4767789507461104 0.22457460081504316
1 0.608011316312455 0.8276840051898836 0.9348886183620961 0.8146610051082247 0.759892054764803 0.43410000272196697 0.5580355534990885 0.4398880027582598
1 0.36383006478134855 0.4500170028217724 0.28325025177608343 0.8392600052624695 0.6088252538175586 0.8262370051808104 0.5616168785215447 0.4427820027764063
1 0.003255750020414716 0.7669100048088082 0.2865060017964982 0.8392600052624694 0.36627187729665955 0.4485700028126992 0.1611596260105301 0.4558050028580653
1 0.8881495837507232 0.11967161186913589 0.9688592326994548 0.17218058442396078 0.9994258657055701 0.12699844524887888 0.9839708265451748 0.11600819517926435
1 0.8610174038913624 0.17523343166552038 0.9692026780141302 0.17279115387227273 0.8891799196947495 0.11967161186913589 0.7988538019351051 0.12211388966238357
1 0.7463066687897608 0.18072855670032764 0.7023456685113028 0.12638787580056696 0.7988538019351054 0.12333502855900738 0.8606739585766869 0.17645457056214423
1 0.6085585515872407 0.132939405143283 0.6343866226934091 0.1854154861208947 0.7465542457830541 0.18016787802313353 0.7022775524581942 0.12769179704552183
1 0.5163154404937826 0.136000509866977 0.5239408710108419 0.1880392901697753 0.6346326043229915 0.18454088477126784 0.6088045332168233 0.132939405143283
1 0.4225964396228292 0.13862431391585758 0.4134951193282747 0.189788492869029 0.5244328342700071 0.18760198949496185 0.5168074037529479 0.13643781054179044
1 0.3298613652702061 0.13949891526548447 0.3018194594977948 0.1911003948934693 0.4142330642170224 0.18978849286902902 0.4230884028819944 0.13993621594029787
1 0.2349124562513399 0.13862431391585758 0.1886679098898196 0.19328689826753648 0.3025574043865425 0.19153769556828273 0.3298613652702061 0.13862431391585758
0 0.07576234191142689 0.19328689826753645 0.18891389151940216 0.19241229691790962 0.23515843788092247 0.13993621594029787 0.13947158397330864 0.13250210446846955
0 0.29763777179489137 0.07302921269384297 0.3677425362259195 0.073029212693843 0.3802875993346299 0.04547927018059683 0.3175622837910783 0.04547927018059682
0 0.5025404692371597 0.04110626343246252 0.5081980467175584 0.07390381404346984 0.4361254292498698 0.07215461134421615 0.4405530985823558 0.04373006748134314
0 0.5640358766327983 0.041980864782089365 0.5775648662598389 0.07040540864496239 0.5079520650879759 0.07259191201902955 0.5022944876075771 0.04154356410727596
0 0.648161593950032 0.06428319919757434 0.6252853023988545 0.041980864782089365 0.5640358766327984 0.043730067481343095 0.5787947744077517 0.06996810797014896
1 0.44129104347110343 0.04635387153022367 0.4376013190273651 0.07390381404346982 0.3672505729667544 0.07390381404346982 0.37905769118671706 0.04635387153022367
1 0.22802497062302834 0.07390381404346982 0.2545909866179443 0.048103074229477426 0.3178082654206609 0.045916570855410246 0.2986216983132216 0.0721546113442161
0 0.7122026711615319 0.0580744533553858 0.647839214503428 0.06598062893594574 0.6255222370692112 0.04168710760658881 0.6879450869939049 0.035649664435979424
0 0.9971970074211655 0.054572665721031324 0.9381923550004845 0.060781531880909116 0.8791877025798036 0.036599632100332354 0.9442582538474704 0.03398537266459435