1 0.1497814220323212 0.5774386830872256 0.3644822520498996 0.5382135920977598 0.42388560490763266 0.9319732056000917 0.06407079781544862 0.9923195773448588
1 0.5569067713315671 0.5004971414101756 0.730237472768773 0.8429624782021955 0.4255828964662645 0.9364991898115281 0.36617947238951665 0.5382135920977598
1 0.2730489338362832 0.31550197602574326 0.27432224556931833 0.37492385515189364 0.5680802303854103 0.33700703387655084 0.5321087331222578 0.2911672771783042
0 0.5548265338844723 0.500461210056048 0.7304661052323886 0.843117985689479 0.9882988691007044 0.7598945415246301 0.7297459404750584 0.3988325480617591
1 0.5315060583741508 0.2897589783953333 0.5670263168522653 0.336158052268169 0.8265789430767662 0.3026618615928028 0.7554422925899914 0.2582281556596532
1 0.7420148337423218 0.1863263806164821 0.8288649739546176 0.22733201033509765 0.889041102558917 0.2071992853168358 0.8166521085886551 0.17838185603833384
1 0.6598833141562233 0.19609667290925217 0.7360471971733017 0.2387800310931195 0.8284208562065072 0.22693725556820282 0.7400441264588198 0.1854875246662356
1 0.5826369407165098 0.20586696520202225 0.6604106946644276 0.1965407906573626 0.7352422617078821 0.23838527632622464 0.6395377941052636 0.25062280661803615
1 0.5050852456426473 0.22595034380382742 0.5833586134218357 0.20562024968449752 0.6395377941052636 0.2502280518511413 0.5393922981043703 0.26404461777529115
1 0.40677167944664844 0.2243219617550324 0.43438942263402563 0.27445643004675724 0.5394200647813039 0.2645874449210738 0.5054460819953103 0.22590099738737074
1 0.31303793776288547 0.23192107798274245 0.3226972099363048 0.2859044176752614 0.4350555806208376 0.27406164215034473 0.40641086172933927 0.2239272069881375
1 0.2141137282985884 0.2384346061779225 0.20262253563795155 0.29754984066386886 0.3229747928465506 0.2853122772425397 0.31298244167972533 0.23359880644799422
1 0.10802835308793203 0.24938917933613602 0.07361027118918156 0.3097873543909217 0.20306663475070827 0.2963655432336667 0.21261488680477683 0.24109922984279084
1 0.16312501539569457 0.14507403538034178 0.1507456245095442 0.17556919312409544 0.22824180486489296 0.17162161232562906 0.23001821995127353 0.13925134045079682
0 0.06786466554118631 0.1841552045514221 0.09789721512482227 0.1495150803433752 0.16429078721377705 0.14517272821325514 0.15096766474824577 0.1771482618859513
0 0.2299721339763591 0.13801771316889672 0.22805694141137084 0.17162161232562909 0.3035546478062837 0.16609497933006556 0.2948946126130823 0.1380670595853534
0 0.3585308612510962 0.13421815505504167 0.3746851598194166 0.16323296999937043 0.30296232383596633 0.16718056736259562 0.295190505503632 0.13757361198554513
0 0.3582255396169471 0.13313256702251167 0.37424106070665986 0.16323296999937045 0.44352130498156384 0.15770633700380698 0.417319159163258 0.13165222422308676