1 0.09561754542000249 0.7172505394401494 0 0.8116390002110764 0.3822652080937806 0.800464996453477 0.42176751383706634 0.6986972173775722
1 0.7782083676278772 0.6873625273462234 0.8209301487454391 0.79617560612759 0.3758574355417458 0.8052433270210011 0.41730398535472957 0.6998306824892485
1 0.6259519727631094 0.5568839041335578 0.6373786717883257 0.6476203871042445 0.7934510795128911 0.6383673498466066 0.7454469637507288 0.5501337962046662
1 0.8705831163646366 0.5380800320459311 0.9543869116782417 0.6277600373869197 0.7930171440031767 0.6374030487139076 0.7431145603860138 0.5496516456383168
1 0.5174077200327437 0.5638367995584261 0.49599375399112006 0.6492354389076038 0.6402275630129164 0.6465441805458525 0.62823946319412 0.5581778535774566
1 0.40946975606618147 0.5725824433471973 0.35647019543397607 0.6613919382710531 0.4977110867553175 0.6534242898932607 0.5168289641937809 0.5638367995584261
1 0.30355743753598896 0.5792702885974342 0.2198607062353137 0.6689904651016478 0.35758882447051676 0.6621131950870153 0.4094697560661814 0.5710390944432966
1 0.19741183573826399 0.5856566306858002 0.09272746264533314 0.6739936760479441 0.22348107887744906 0.6710973908894324 0.30442557129443304 0.5797847382320678
0 0.7611892986769047 0.4336810419961251 0.7843395322354169 0.45734572518927075 0.7000287765883666 0.4656254341898063 0.6830808468202315 0.4376264187636637
0 0.6129024334616058 0.4444844843234308 0.6175324801733082 0.4732936638629125 0.6988476755475816 0.46351912080487406 0.6838957546855764 0.43818362072287387
0 0.5458786805403354 0.44526355546729857 0.5393813723826274 0.47805283821300765 0.6178730467394542 0.47209115044106054 0.613681235024804 0.4450772527244253
0 0.48000069523517674 0.4545603217476095 0.46431086186973475 0.4830304561609173 0.53992503811643 0.4770671171959676 0.5460927657152588 0.44609622773284235
1 0.41354924593809916 0.46080133041519883 0.3922297038653181 0.4849607075269144 0.4652148496513178 0.48318754223431143 0.4794278776998386 0.45393031490636226
0 0.31428212183242576 0.4918265579942911 0.3933787251608695 0.48566497248026863 0.41219356664118806 0.4614587436751806 0.34225682034921456 0.46652004606169895
0 0.22307289686647533 0.47828378755819767 0.17473383218137767 0.5036419854257899 0.11833825671543027 0.5031723891689827 0.1541302964139589 0.47875338381500493