1 0.7800789170682824 0.868370287766857 0.8212016886527242 0.9535133703969749 0.3742172214184219 0.9792791828368744 0.40756678617897535 0.8901241224912012
1 0.07547842513377988 0.912587217263751 0 0.9837868201110357 0.37438839242377947 0.9748868697551252 0.40635119490390054 0.8906796471568944
1 0.19308761555271908 0.7720653568353831 0.09002202231195432 0.8541757049774034 0.21810561225224084 0.8458126139629384 0.29709405653261123 0.7625618443189457
1 0.4041368697615051 0.7519179103005357 0.35431470539408144 0.8336481179418983 0.21737859354473335 0.8423913494570208 0.29670916427569544 0.7629419848196032
1 0.5146864791089645 0.7420342572834407 0.4945865501366991 0.8218637624215158 0.3541008763624616 0.8325076964399258 0.4037092116982654 0.7511576292992207
1 0.6257920439386367 0.7332910257683184 0.6404179497014327 0.8108396879024483 0.493859531429193 0.8211034814202008 0.5124626571801194 0.7435548192860708
1 0.7431869758108862 0.7218379732537171 0.7932161478410824 0.8030447452447603 0.6390199557866613 0.8124973853707018 0.6252438069667521 0.7325796097604689
0 0.7812863197865565 0.636736100607469 0.6956686223983017 0.6434460206915189 0.674214535813774 0.6162531866666853 0.7453308598624866 0.6084838055167328
0 0.60925632921062 0.6254351825711745 0.6148184998066087 0.6512154018414713 0.6952713244985882 0.6434460206915189 0.6756050784627711 0.6173126477325879
0 0.5421129841590421 0.6275541047029796 0.5357562177636265 0.6600442440573265 0.6152157977063222 0.6519217092187397 0.6090576802607633 0.626141489948443
0 0.4751682880573209 0.6377955616733717 0.4588790741690682 0.6649883956982053 0.5359548667134832 0.6596910903686922 0.5409210904599017 0.629673026834785
1 0.40822359195559965 0.6462712502005925 0.3859749095716449 0.6724046231595235 0.4594750210186385 0.6660478567641079 0.4755655859570344 0.63850186905064
0 0.3098923617765136 0.6826460801299155 0.38478301587250446 0.6752298526685971 0.4094154856547401 0.6452117891346899 0.3460464706504402 0.6533343239732765
0 0.2387042367802586 0.6889822960858818 0.3101983044247551 0.6823841793390917 0.34614067722963854 0.6525190193273045 0.2779673722899411 0.6605062132839452
1 0.8714854871062564 0.7126980974056771 0.9552191973542544 0.7900387310798055 0.7919618516751972 0.8025130268336972 0.7437798843257907 0.7243407734426428
0 0.11755844847801201 0.692268637898084 0.16778633075269095 0.699309742860524 0.21567384575292248 0.6695450718829364 0.15914497466242358 0.6717854234618947