1 0.5048709966233613 0.7890076970486017 0.473404618229161 0.8758402901629452 0.9309351530296066 0.874170432603054 0.8858489989125437 0.7823282668090369
1 0.19725192426215044 0.7998617711878948 0.11741185967985143 0.8791800052827277 0.47781930415312346 0.8733355038231084 0.5064677979150072 0.7890076970486019
1 0.9036016720961368 0.7138641068534969 0.8495922166434052 0.6253616561792622 0.7232570556278849 0.6320410864188271 0.7373464787894671 0.7180387507532249
1 0.6072541382641917 0.640390374218283 0.588937888154135 0.7238832522128441 0.738285773666906 0.7172038219732793 0.7241963505053238 0.6312061576388814
1 0.4997048747974478 0.647069804457848 0.45227048348678783 0.7305626824524091 0.5898771830315735 0.7247181809927898 0.6081934331416305 0.6395554454383376
1 0.39966997035021434 0.655419092257304 0.326404969909987 0.7364071839120284 0.4546187206803847 0.7297277536724635 0.5001745222361672 0.6479047332377936
1 0.3012184945131758 0.6642336078240481 0.2092235656934822 0.7414167565917019 0.32968813372500977 0.7339023975721914 0.39802183605868335 0.6562540210372496
1 0.504255449123856 0.5380507891861377 0.4789298397944132 0.56747195910021 0.553151427532186 0.5625684307811979 0.5691993383944073 0.5313641596602122
1 0.3403158644337341 0.5829932564868213 0.27395523822522316 0.588840386492884 0.3230969264379397 0.5596047364625715 0.3759145677059383 0.556165248223711
0 0.8922526954354298 0.5342500707236835 0.8566245496107513 0.5032690743543976 0.7783975337783049 0.5101537402142389 0.7985351814183406 0.5411347365835246
0 0.7048176674012512 0.5197922724180168 0.7106591251828474 0.5478871199386219 0.7981479189637244 0.5397578034115563 0.7795593211421531 0.5094652736282548
0 0.6348380550322744 0.522613429888431 0.6286285708389087 0.5548591723662608 0.7113127550979385 0.5481776221231068 0.7055934933408908 0.5214514211504911
0 0.5688214336080688 0.5298759845005547 0.5523172782520174 0.5615407226094148 0.6294456082327723 0.5539876658128059 0.6348380550322742 0.5237754386263707
0 0.40721143710178326 0.5751943252802075 0.4791107277618092 0.5682222728525687 0.5029682196626359 0.540624565326498 0.44201723008038674 0.5487586264920766
0 0.10056860416087575 0.7462335506903265 0.21240247413100063 0.740325740664809 0.3009035050189175 0.6654852292592913 0.18680893276611651 0.6880224287166347
0 0.003828844451590374 0.7470500952214103 0.10274065945100833 0.7464828590063599 0.18761337812792825 0.6874902926411157 0.10625043353163283 0.6840868753508131