1 0.539417584737142 0.9010942688694706 0.8225615819295249 0.760101009298254 0.9844935735066733 0.9941077497270372 0.5678267478942872 0.9957913027869331
1 0.14259703588794845 0.5377403977735288 0.4969509563962146 0.4062665192026218 0.5387800174554709 0.4904714088875897 0.12171955645135192 0.6632556041174591
1 0.25397320766623804 0.35076276264515016 0.3708485693640885 0.30838691681142044 0.39704834147591317 0.3970175682147871 0.2489056281622656 0.45021594857451536
1 0.47813892638666466 0.2702609175393714 0.5337387097015414 0.34578948956271666 0.3974177859644612 0.3970175682147871 0.370079730921777 0.30901035440487296
1 0.7987146150423996 0.28536665123546134 0.8958756011480206 0.3438191878550588 0.5378947431692219 0.4915924635699515 0.4961488026321689 0.4062123554491447
1 0.7808894455391346 0.15557242855394657 0.8710773374457926 0.1228981357006432 0.9955763165859594 0.15376631061716822 0.9039569047963508 0.2017105898353725
1 0.9602030919499096 0.09055218282992619 0.9955763165859594 0.09597056419943384 0.9959457610745074 0.1524527853317872 0.8721856399073674 0.12421166098602417
1 0.6808192236045094 0.19350090522629182 0.7809356416022377 0.15507986346172184 0.9039569047963508 0.2010537720743367 0.7838911044984141 0.24702768068695163
1 0.5844433535431567 0.2323324408670262 0.6816043396487779 0.19423979420338777 0.7857844299920497 0.24743817456311612 0.6586994324442546 0.29603916130566565
0 0.47915486772610244 0.26935785857098227 0.5851822115161837 0.23298925862806194 0.6579605434671586 0.2953824262221477 0.5330921508425132 0.34464020316656035
0 0.527181194046091 0.11411384234245016 0.5726214709543818 0.1377575455118618 0.6457692473939047 0.11214349929603341 0.5837044645660608 0.08915655876931228
0 0.46216094832207055 0.1364439926673082 0.498365392053284 0.1633715917276902 0.571882612981355 0.1377575455118618 0.5249645891229413 0.11411384234245016
1 0.397879560571077 0.15647548752233575 0.4614220903490437 0.13381694209654613 0.49873483654183204 0.16402835437038063 0.42263159720613264 0.18964240058620904
1 0.32865702330813434 0.1772458437952867 0.342326066331511 0.2153385180180977 0.4213847685633869 0.189724499361442 0.3966327319283312 0.15688600895767274
1 0.2607274797469714 0.19982231800501601 0.2599424567149107 0.24357964236386068 0.34232606633151097 0.21533851801809775 0.33013477025825716 0.17790263399714976
1 0.18859564464688627 0.22330185118313448 0.17497279768661272 0.26919371613886167 0.2599424567149107 0.24423640500655125 0.2603118701993895 0.20023281188118047
0 0.2525999490314689 0.3497301067576186 0.2488594631032317 0.44972338348229063 0.09258918807001242 0.5062056321738166 0.1313796812129235 0.395211505396354
1 0.11506687033500576 0.2469925840750497 0.08779798045650458 0.29748690863387245 0.1749795647118664 0.26943450937098595 0.188392145422422 0.22384935689027852
1 0.03777210766711745 0.27351086522426676 0.0007041559765190423 0.32413667469095386 0.08867472141014625 0.29783755957828995 0.11471085199301391 0.2476939006779523