1 0.49186195684321565 0.6661349981126388 0.5224066040238746 0.7485381967323166 0.9036798653295377 0.7326914277669937 0.8210785820977935 0.6608527417908646
1 0.11760543809352164 0.6792425559485329 0.07012195267155266 0.7891690944730675 0.5271031527090443 0.7606449103354869 0.49895871520369217 0.6660795040598497
1 0.8743889637886222 0.5356452190520916 1 0.6015332414411871 0.9021854732340219 0.6155649499129391 0.7783022644711911 0.5350351447707111
1 0.680842898020654 0.5362552933334721 0.7752137634217022 0.6131246527874169 0.9049308075002342 0.6137347270687974 0.7841360997868922 0.5344250704893306
1 0.5820108644370107 0.53381499620795 0.6485852203926593 0.6161750241943195 0.7752137634217023 0.6137347270687974 0.680842898020654 0.5368653676148526
1 0.47254066057179467 0.5362552933334721 0.5126911742151498 0.6173951727570804 0.6492715539592123 0.6161750241943195 0.5830403647868404 0.5344250704893306
1 0.36032512244036624 0.5368653676148526 0.37096329272193895 0.6222757670081246 0.5144070081315324 0.6186153213198416 0.47254066057179467 0.5374754418962331
1 0.2409030818601306 0.535035144770711 0.2158519066809432 0.6241059898522662 0.3713064595052155 0.6228858412895052 0.36169778957347243 0.5362552933334721
1 0.11290187169798142 0.5374754418962332 0.047013849308885886 0.6277664355405493 0.21653824024749632 0.6228858412895052 0.24021674829357753 0.5368653676148526
1 0.9993016729012825 0.4691471223816155 0.938561152261335 0.46731689953747396 0.8812522994541531 0.44596429968915596 0.9159121445650835 0.44108370543811193
1 0.20143890178332857 0.4160706599015107 0.1798193944369066 0.45145496822158054 0.09488561557596316 0.4410837054381119 0.122167374846448 0.4130202884946082
0 0.2765924273208907 0.4172908084642718 0.2693859248720834 0.4520650425029612 0.178789894087077 0.4496247453774391 0.20040940143349897 0.41607065990151076
0 0.34831428502568745 0.4246116998408379 0.3531186199915589 0.4526751167843417 0.2686995913055303 0.4508448939402001 0.2765924273208907 0.41668073418289137
0 0.4159181413311656 0.42278147699669644 0.4327333137117161 0.4514549682215806 0.3524322864250059 0.4532851910657221 0.3469416178925812 0.4221714027153159
0 0.4818061637202612 0.42217140271531595 0.5102890067322139 0.4563355624726247 0.43290489710335434 0.4538952653471026 0.4159181413311657 0.42583184840359906
0 0.6760385630547824 0.4337628140615457 0.7347200829950707 0.46670682525609347 0.8051428688291736 0.46587877338896383 0.7453582532766434 0.4313225169360237
0 0.8723299630889628 0.4667068252560934 0.8043829400002082 0.466096750974713 0.7494762546759619 0.4337628140615457 0.8057556071333143 0.43681318546844833
0 0.9406201529609943 0.46731689953747396 0.8730709753725142 0.4667822228525494 0.8060987739165909 0.43437288834292626 0.869241462039474 0.43803333403120925