1 0.44003308062907914 0.361475364611653 0.4987453596455994 0.7273455664830221 0.8091170072466157 0.6570281703275639 0.6329801701970545 0.3274153758488529
1 0.1582141413497812 0.8053539278429837 0.23423109207643392 0.39333793474459505 0.4400330806290791 0.36301355765255355 0.49874535964559946 0.7332785967836388
1 0.016068623730837128 0.24830830517396218 0.05315006310969211 0.19447154874243944 0.3479475061715892 0.1593128506647103 0.3504196021301795 0.2054586418917298
1 0.6483071651403145 0.1637076879244264 0.6186420136372306 0.12415415258698109 0.3479475061715892 0.1604115599796392 0.349801578140532 0.20545864189172972
1 0.08380731549622757 0.09221424427433733 0.03107943925051918 0.15394444085467887 0.1581836287371252 0.13908346760385593 0.18733399934450867 0.0830690299661386
1 0.28893161454965405 0.07125646148471522 0.28057231709606617 0.1253656461415578 0.15732626489573154 0.13755926521915615 0.18669097646346344 0.08268797936996365
1 0.38688543342887655 0.06096809538799164 0.3958877537635097 0.11126677408308472 0.2792862713339757 0.12460354494920788 0.28785990974791204 0.07087541088854027
1 0.4807667740614793 0.04915552690656825 0.5079880760257273 0.09793000321696153 0.395459071842813 0.11126677408308472 0.3868854334288766 0.058681791810941936
1 0.5729333870112948 0.03696190782896992 0.6175163067637637 0.08421218175466344 0.5067020302636368 0.0983110538131365 0.48012375118043416 0.04877447631039331
1 0.664456977080065 0.024387238155196656 0.7234007411758774 0.06744595552296577 0.6149442152395828 0.08383113115848849 0.5722903641302496 0.03772400902131981
1 0.7486929744969893 0.014479922654648007 0.8260700611827648 0.05258498227214277 0.7234007411758774 0.06935120850384048 0.663342404086254 0.024006187559021706
1 0.8363584272794884 0.0019052529808747552 0.9315258136741815 0.042296616175419195 0.8252126973413711 0.05258498227214279 0.7470639831983422 0.013717821462298116
1 0.8677560544621354 0.08524451464911773 0.929672124871719 0.12497011370890077 0.6484893690266925 0.16304047947452613 0.6168330322759278 0.12414249706182193