1 0.7613810867649209 0.7435514620532083 0.8017903476264938 0.8333498195233702 0.36750964413182635 0.8481401372243378 0.40166525920020035 0.7386341843840327
1 0.0870601095290534 0.759865839218416 0 0.852556170334358 0.37378566296954774 0.8398787551621 0.4128765873941686 0.7417668547068051
1 0.866537307787255 0.5761053453932473 0.9482659088923957 0.6598563427411643 0.7883776412281905 0.6706424560359718 0.7376987706739111 0.5856225041827833
1 0.6220652913810485 0.5957741402249552 0.634913455746922 0.6795251375728721 0.7883776412281904 0.6700079787833362 0.738769451037734 0.586256981435419
1 0.5128558942711225 0.6033878672565839 0.49251296735848926 0.6858699100992295 0.6363410295653524 0.6788906603202364 0.622422184835656 0.5970430947302265
1 0.4047171775250195 0.6116360715408485 0.3540383069707401 0.6979249778993084 0.49215607390388166 0.6871388646045009 0.5121421073619074 0.6046568217618553
1 0.29871982150656196 0.6230566620882917 0.21984636803828217 0.7061731821835731 0.3565365611529933 0.6953870688887656 0.40543096443423465 0.6116360715408484
1 0.1966482934887881 0.6313048663725563 0.09350608510719143 0.7156903409731091 0.2205601549474974 0.7080766139414801 0.29764914114273916 0.6243256165935632
0 0.7790984114083929 0.498064643319052 0.6934439823025685 0.5050438930980451 0.6752424161175808 0.47649241672943693 0.7487624677667467 0.4688786896978081
0 0.6085033401059595 0.48664405277160866 0.6127860615612507 0.5145610518875811 0.6938008757571762 0.5056783703506808 0.6752424161175808 0.47649241672943693
0 0.5406935837305155 0.48727853002424454 0.5353401819114014 0.5202713471613027 0.6138567419250737 0.5126576201296739 0.608146446651352 0.48600957551897295
0 0.4757389749919321 0.49425777980323754 0.4593218760799823 0.5266161196876601 0.5349832884567938 0.519636869908667 0.541050477185123 0.4879130072768802
0 0.4100705793441335 0.5037749385927736 0.389013865522285 0.5278850741929314 0.3090697316901824 0.5424780510035533 0.3479711182424109 0.5075818021085879
0 0.23804793422326984 0.5475538690246393 0.3112110924178281 0.5412090964982819 0.3472573313331957 0.507581802108588 0.28515787023147315 0.5139265746349453
1 0.21520675312838336 0.5259816424350244 0.16381409566488883 0.5551675960562681 0.2391186145870926 0.5488228235299106 0.28515787023147315 0.5139265746349454
1 0.4753820815373244 0.495526734308509 0.46074944989841277 0.5266161196876601 0.3879431851584622 0.5291540286982029 0.40899989898031064 0.505043893098045
0 0.10908969641245 0.5517250147931785 0.1653497914176129 0.5553842079642459 0.21840809239809175 0.5244843545196759 0.15940360251462823 0.5289567017287585