1 0.3519175847371419 0.41329967534100576 0.2581676642100017 0.8190236003310593 0.5943418343861899 0.8089225645418521 0.5517282485961914 0.40656574567159026
1 0.754261334737142 0.39646463923984104 0.9305160840352378 0.7853535281287299 0.5952888329823813 0.8038721879323325 0.5526751677195231 0.40656574567159026
1 0.14879258473714194 0.421927602202804 0 0.6978114534307409 0.25816766421000165 0.8190236003310594 0.35475850105285645 0.4166667108182554
1 0.20723918593807664 0.1877916038923353 0.1674887537945853 0.246388829098656 0.4733169685317306 0.236844805383561 0.47394854742364967 0.1790196129989514
1 0.23173525961982408 0.10266784731672415 0.1832436743731191 0.15993165979954646 0.2975607524284731 0.15600178846776877 0.32819268646905886 0.10042220992109349
1 0.4225753155701427 0.09747478875398802 0.4099830673056617 0.1531947240549582 0.2975607524284731 0.1543175545316217 0.32756108107473153 0.10210642029954427
1 0.5233133016859915 0.1468788585732549 0.516292446937181 0.0920010402403582 0.4215545530529921 0.09873797598494646 0.41018597398399953 0.15207191713599108
1 0.60960928168895 0.08821152566287549 0.6347148540460296 0.14084370660014153 0.5226083153635963 0.14533502850679533 0.5159766442400173 0.0931238707170217
1 0.47456827443882493 0.17852834080122273 0.47271299984900916 0.23572199846459374 0.7792777970797113 0.21663404526518892 0.7401194552397894 0.16330010411414433
1 0.6095745444524066 0.08975540284472756 0.6356274718961606 0.14140511005962506 0.7499445499515147 0.13298396393658604 0.715207339862251 0.09368527417650527
1 0.8026820632381667 0.07347451405813314 0.8661564176874428 0.12624705174969408 0.7489971948648405 0.13466819787273313 0.7158389187541704 0.09368527417650525
1 0.8961567463337011 0.06891306088972436 0.9852104036882104 0.12119437349894921 0.8667879965793619 0.12680845520917775 0.8023662075361867 0.07347451405813314
0 0.31956860017051697 0.004578443108610381 0.29656784388607205 0.03362789123689963 0.36761268466736996 0.031101867823103167 0.38182167071059253 0.0020524064452117044
1 0.22676626627956237 0.03670650256091746 0.26317675947726454 0.0052099588992611705 0.3203678493004822 0.002683928860663584 0.29692304915960943 0.03425942027715265
0 0.07102468497581933 0.1619730671060324 0.1277401063030706 0.057700831462750686 0.23058804823257525 0.10221858506875282 0.18408287882877378 0.15892571697206453