1 0.09465414031350831 0.398746923358649 0.3133683356654296 0.36358679296894963 0.2556655387372971 0.7657453600989923 0 0.6163899822312253
1 0.23970820698826323 0.7657197106415025 0.3002422301975078 0.36339324679652907 0.5112461026767645 0.32437178864483773 0.5778083728029652 0.6955432505573087
1 0.5636794170309752 0.7032101858905538 0.4992096023837905 0.3273813682079866 0.7041083684564119 0.2859169284007817 0.8915750045459532 0.6281250327166122
1 0.09222391437819119 0.2266376588643263 0.12731042729684963 0.16764949211443408 0.4078069168627157 0.1244143683324768 0.40953428489977195 0.174864482430625
1 0.40889549400137437 0.1756426861584069 0.40742479195678777 0.1248680506172863 0.6819651657573139 0.07696942975629252 0.7183122850082683 0.1176637913770495
1 0.10433692090297983 0.1277819607896871 0.15192383935045928 0.0644240929577607 0.25627791327210026 0.04964468612552946 0.228720113555892 0.11249770850928442
1 0.34554193288170165 0.09197820206168407 0.22275399677214086 0.11073075425524743 0.2510220490024906 0.050149531573700896 0.3527865063584262 0.03493088788821147
1 0.3400019611038794 0.09204152360665636 0.3471044862452943 0.03600387144214858 0.44765201250099546 0.020227125379275995 0.4590160527272592 0.07449780403149478
1 0.453191995116411 0.07601234037600907 0.4423961482313858 0.021741661723790266 0.5413154680715732 0.004301396978004872 0.5710040361677992 0.05554301257032115
1 0.564481143325928 0.056737959193934685 0.5347925860672954 0.00499150778257303 0.64720623196655 0.0002464410896523223 0.6815824493159606 0.03609033310205923
0 0 0.13327734302834487 0.11161703865478133 0.12784525344728134 0.15792551124688076 0.06473981315400369 0.056955356132220324 0.05856050075819152
1 0.6762330352037262 0.07886016972661522 0.7099653272265279 0.11897350910998343 1 0.06114026559565935 0.9422522071169012 0.028254702539764975