1 0.4769175847371419 0.4196127873879892 0.6682054996490479 0.38973070957042566 0.8471829096476238 0.7415824907797354 0.5327888329823813 0.8106061176017478
1 0.2711884180704753 0.447390565165767 0.47502366701761883 0.421717158070317 0.5337358315785726 0.8089225645418522 0.19850850105285645 0.8695286379920113
1 0.05634466807047526 0.47979797257317436 0.275213082631429 0.44696974754333496 0.19850850105285645 0.8712121910519072 0 0.5902777777777778
1 0.6500790012315041 0.178059602758005 0.6818218853469171 0.21757722000736132 0.9648259356515002 0.18436399602320805 0.904627105903096 0.14623030397062714
1 0.38567086505818865 0.21019644047799968 0.387054761219944 0.25571080882431524 0.6818218853469171 0.21634706427689432 0.6499925349417257 0.17944347633696694
1 0.06997259820548975 0.2884627244095435 0.09972611888555824 0.23802788799480032 0.3861898660419995 0.2146556517653157 0.38757373316873484 0.2552495520432037
1 0.12718869297259588 0.13579759099545524 0.22934072835884228 0.12931562534948363 0.19822722797939432 0.18635709711079151 0.07912074204150542 0.19845680983579445
1 0.32839357188064644 0.11797213107004657 0.31781983686118725 0.17339312955285704 0.2001718013534899 0.18722135194372286 0.23031305584513007 0.12585856975176724
1 0.42331414598344774 0.1084652191098286 0.4330371760508852 0.16388621759263908 0.31927828729137886 0.1742573843857884 0.32754282612938473 0.11721591262448057
1 0.5166548103187514 0.10338769023361483 0.5438790823515284 0.15265075970056735 0.4330371760508852 0.16302192649371666 0.42282798224030393 0.11116605626197906
1 0.6505887600324084 0.14206352013268742 0.6141276216753381 0.09712176109638264 0.5149532372177479 0.10317161745888423 0.5426637137929087 0.15070617725997404
1 0.6993859565782148 0.07875611923414752 0.7590000108142921 0.12477824214410528 0.6510749237755523 0.1429277749656188 0.6155860721055295 0.09712176109638271
1 0.7842797094729738 0.06806084327890226 0.864008115394169 0.1135428205180246 0.7580277649264845 0.12477824214410525 0.6992036655741558 0.07983644684180943
1 0.27613260146227997 0.03413850562592968 0.3432211172548947 0.02290301146786694 0.3407903801376552 0.04796669175080442 0.2673818988811304 0.056609348878091006
1 0.1933657129456756 0.060930659308738776 0.21098861824452111 0.03932403462351778 0.14487238913895426 0.04018832572244017 0.11910648593788897 0.06870909786908518
0 0.3430995763191086 0.022903011467866937 0.3398180934506075 0.049695237682658155 0.41225436961856443 0.04278112648722532 0.40690665004246196 0.017717446204287786
0 0.406602777303377 0.019337919482785168 0.47059222362926934 0.014260390606571341 0.48274590921546623 0.03673127012472377 0.4132266155063723 0.04364538132015665
0 0.5516574574463903 0.02884483144300318 0.5313608147572135 0.007346243145147429 0.4701059782876456 0.015124645439502746 0.4827459092154662 0.03845981605657751
0 0.6683464493851543 0.39416024109246706 0.9291481883957136 0.3562717371801597 0.9972127553306229 0.7037078159164737 0.8529967830984535 0.7480359638991453