1 0.5754024982452394 0.45707078333254225 0.6246449947357179 0.8526936725333886 0.9636600812276206 0.8358586364322239 0.7752130826314292 0.44696974754333507
1 0.3792613347371419 0.4635942688694707 0.5763494173685709 0.4553872302726463 0.6227509180704753 0.8526936725333885 0.29794033368428546 0.8627947083225957 0.37843275070190435 0.46548826606185356
1 0.1787405014038086 0.4705387133139151 0.3793797492980957 0.4671717484792075 0.29699333508809406 0.8644781200974077 0.001538832982381244 0.8240741182256629
1 0.4947671031880107 0.23044094530245263 0.49246189855639905 0.28849942213170204 0.19393027300182458 0.29737899636857534 0.23273554516444037 0.24068655717458262
1 0.7561263367308875 0.2153286613422146 0.7935388676601413 0.26843511201865317 0.4930862113756972 0.28687720765617913 0.4930862113756971 0.23086785893366363
1 0.2528835250468218 0.15654615576143194 0.34753384716767005 0.1551254468127638 0.3167662333570623 0.21053372177884266 0.2068820180834678 0.2119544605355118
1 0.4396866910119324 0.152639161440593 0.42944755320835026 0.2062715353168362 0.3171657909818746 0.20911301283017458 0.34673466485004295 0.15583580128709784
1 0.5319894318417517 0.14677866995933464 0.5402807136491237 0.19925672899278535 0.42959731605790213 0.20564997887779402 0.43918723559741674 0.15308315161705244
1 0.6253910148243073 0.14313806974437138 0.6509641447743466 0.19428418805644487 0.5390819737066843 0.2006774379414535 0.5326887163696755 0.14740025620637784
1 0.7176937556541265 0.13603443557702763 0.7664424015333217 0.18931164712010437 0.6513636688651575 0.19428418805644487 0.6249914907334961 0.14171733098770214
1 0.8171389704767297 0.1291971955155595 0.8829696353851841 0.18194167846288709 0.7650938316733278 0.18904531263023092 0.7179435168953856 0.13576807127915302
1 0.9110899745356529 0.12431345261451085 0.9960504457932817 0.1755483689618762 0.8813713042839312 0.18123126437255085 0.8178382550046532 0.12866443711180925
0 0.5782517258912532 0.04861067603428421 0.5932502670695452 0.07732586092476491 0.664781799453396 0.07322368919564226 0.637322932949449 0.04450852151853945
0 0.518026778192979 0.051071982514433394 0.523333954153259 0.0806075914227119 0.5937117555795566 0.0781462849425627 0.5782517258912532 0.04820048123876325
1 0.39636547303702 0.058250770130364615 0.3852607980467828 0.08819659104754202 0.4556385801080302 0.08573530178077075 0.4581767959606673 0.05414861561461986
0 0.4591863153897889 0.053738386392343046 0.45679233043063355 0.08737616702974425 0.5220937001516569 0.08204334206054699 0.5170172684463825 0.05004646109887512
0 0.3322755227579327 0.0599429140321227 0.3129089358023291 0.09270897478556359 0.38351749116615735 0.08778637903864313 0.39713156681441564 0.05743034611256683
1 0.27293203612329436 0.06501934573739694 0.24714607757129453 0.0935294160167393 0.3117552048447758 0.09065789752769123 0.3295227158132358 0.06153251784168948