1 0.529443592808102 0.6621885386751617 0.5636012439570118 0.7489381288946151 0.9499080129030157 0.733034037354382 0.8645138850307411 0.6564052326605314
1 0.11372191801401285 0.7677338734421634 0.5626510473996847 0.7431548228799849 0.526613125444102 0.6486490698844761 0.1607144993104964 0.6570649291511624
1 0.9148826442152538 0.5173429906106761 1 0.5667590074024978 0.9392474858278881 0.600313092878426 0.8167369441981637 0.5203933620175788
1 0.7134437424319252 0.5222235848617203 0.8136484431486747 0.600313092878426 0.9439145540804489 0.6009231671598066 0.8169428442681295 0.5210034362989593
1 0.6146117088482819 0.5222235848617203 0.680842898020654 0.6015332414411871 0.8143347767152278 0.600313092878426 0.7148164095650315 0.5228336591431008
1 0.5030825042834066 0.5191732134548176 0.544605685059868 0.6027533900039481 0.6822155651537601 0.6027533900039481 0.6142685420650054 0.5222235848617203
1 0.3936123004181906 0.5228336591431008 0.40459363748303984 0.6051936871294703 0.5449488518431445 0.6021433157225676 0.5034256710666831 0.5222235848617203
1 0.27693559410416724 0.5216135105803398 0.25222758570825643 0.6088541328177532 0.40562313783286946 0.6064138356922313 0.39292596685163755 0.5222235848617203
1 0.15133655142495384 0.5240538077058619 0.08990969721845331 0.6125145785060364 0.2546297531911922 0.6051936871294703 0.27659242732089073 0.5222235848617203
1 0.02333534126280467 0.5228336591431008 0 0.5435761847100383 0.09196869791811253 0.6112944299432753 0.1516797182082304 0.5228336591431008
1 0.2340397461945998 0.40325909999251996 0.21585190668094326 0.4362031111870677 0.13143287799491457 0.42949229409188205 0.1606020545734204 0.4008188028669979
0 0.31056593886526807 0.4038691742739005 0.3023299360666311 0.4362031111870677 0.38606263118610673 0.4392534825939703 0.3791992955205759 0.40874976852494455
0 0.3091456158871271 0.4059654428479251 0.3021383152603522 0.43600981677710365 0.21640193112098893 0.43637621158111806 0.23474457099695847 0.4023014948077813
0 0.44786655047912854 0.41094565205253375 0.4634544355127825 0.4393333451219522 0.38437443339083105 0.43798155021388463 0.38019231789399716 0.4102697545984999
0 0.5402532837273699 0.44000924257598595 0.4634544355127825 0.44000924257598595 0.4478665504791286 0.4102697545984999 0.5144002061105781 0.4102697545984999
0 0.8417457918173096 0.4481200120243913 0.76950925141745 0.4501477043864926 0.7071577112828346 0.41702872913883765 0.7752121361858602 0.41838052404690523
0 0.9075190628129711 0.4481200120243913 0.8390844455920515 0.4501477043864926 0.7774932900932241 0.41838052404690523 0.8394646379099455 0.41838052404690523
0 0.9770942569875726 0.4501477043864926 0.9096101205613879 0.45082360184052633 0.8379438686383694 0.41838052404690523 0.9033369473161372 0.42040821640900655