1 1 0.19009538933082862 0.9248737229241267 0.14407968521118167 0.851010110643175 0.15867003099417984 0.9337122175428603 0.21029746090924298
1 0.7632575564914279 0.16400111751791868 0.8491161664326986 0.1575477093826105 0.9273990525139705 0.2114197825208122 0.8244949446784127 0.21590911606211724
1 0.6695075564914279 0.17480358665372117 0.7638888888888888 0.16203706647142951 0.8244949446784127 0.21927608089682493 0.7121212217542859 0.22488778314472715
1 0.5774936676025391 0.18097642615989404 0.6698232226901585 0.17101573355403946 0.7114899423387316 0.22713247346289359 0.6047979990641276 0.2338664502273371
1 0.48982005649142796 0.19332210517223963 0.5808080567253959 0.18097642615989404 0.6029040548536513 0.2314815109158739 0.4949494997660319 0.23597084445717886
1 0.3951538349469921 0.18775244213958725 0.38545901680426725 0.24137319744508903 0.494949499766032 0.23484847575058168 0.4861111111111112 0.18209879486649125
1 0.30130253983938643 0.18982703755625735 0.39479475644757733 0.18583741038119278 0.3836636845754882 0.2420115592218265 0.27271183341498106 0.2471182659343639
1 0.20700242674165967 0.19246019952757257 0.15960551125798553 0.24967163268358686 0.273429930145516 0.24711826593436384 0.3003600039796437 0.18775244213958733
0 0.11947975458257591 0.19333792018467771 0.04730714585882046 0.252703770765363 0.16005435938225396 0.24823537225774547 0.20493778563831958 0.19014621844462604
1 0.22823229513538876 0.10205497184574965 0.19775645672320336 0.131418729640678 0.2670564977199355 0.12822700111471763 0.28644613400538504 0.10205497184574965
0 0.28649100375073827 0.10029953053153952 0.2692109385822766 0.12695033113306045 0.33958815480895843 0.12503529937466595 0.3503601481816327 0.09694826513321225
1 0.35067432680154703 0.09503320658890904 0.34030625153949323 0.12248195941135162 0.40888819580569064 0.12184359763461435 0.412119781763834 0.09247983983968595
0 0.41189534263462607 0.09152232396048872 0.4097858619200801 0.12343944850464016 0.4787267942832502 0.12152441674624564 0.47190451373340137 0.0902456807647403
0 0.47283541967103476 0.08889231559136285 0.47941821734703477 0.1248494788577416 0.5476336705055611 0.11854330938812507 0.5309890952633878 0.08895295340203907
0 0.5917690658824921 0.085557337779615 0.6170770164308059 0.11502641814434851 0.5488615518225421 0.11890711589709342 0.5343998690662878 0.09125712914246907
0 0.8435182034468072 0.07688639546907063 0.898670399008587 0.10186842032938587 0.9567899772821722 0.09410702482389607 0.900853291494506 0.06548683309845174
1 0.17875132776007863 0.2863399800958848 0.1425041193515358 0.3435040328502677 0.45002075289094573 0.3268744624772674 0.4488515015566879 0.271789078761565
1 0.45279774320892063 0.27763540630350975 0.45119000422520356 0.335189225857412 0.7458447749591774 0.30712688854624626 0.70667438915069 0.258277599172008
1 0.9986251281808488 0.2662025957526333 0.9693935013743027 0.24541568730227176 0.7139092145774166 0.25996654502388034 0.7489871471195516 0.309855168917459
1 0.13728686231308176 0.5082041849298724 0.34179262516492054 0.49619789580864937 0.25536838519865873 0.9059129371553665 0 0.7708420271027255
1 0.529625563209203 0.48344119000151764 0.5862920833398529 0.8713947772124092 0.26296614160099396 0.8924059406134314 0.3380993451577057 0.4931963550161199
1 0.5364846636100951 0.4841916066874263 0.5905130355030955 0.8758971513767563 0.9045527832963246 0.8293727652881286 0.7196746818003046 0.4526750505125512