1 0.5543046159391732 0.419010240010423 0.5929804905549848 0.8159443310030444 0.928552841567384 0.799062255242003 0.7583923395126139 0.40795984955302556
1 0.3564093520844692 0.42780558507063204 0.26453114937949823 0.8257922979750019 0.5945633547932322 0.8145375092452277 0.5541997128939293 0.41640088743354625
1 0.15554565927194475 0.43308279210675743 0.0025631025199923663 0.7160584835273724 0.26373971726037465 0.8229785471257485 0.35713009611215735 0.4276556224965106
1 0.21488746134310835 0.19976628858006232 0.174321833114853 0.25835404060969624 0.4756060916181583 0.2493405336851797 0.47729629993375994 0.19150392394692556
1 0.18784369307160956 0.17272579645966166 0.30320216761824076 0.16972128460044 0.3315136082457694 0.11564027170648998 0.23770559599030291 0.11564027170648995
1 0.4257441403414793 0.11188464620903717 0.41433507301788197 0.1667167727412182 0.30235706346043983 0.16821902867082916 0.33151360824576936 0.11714252763610078
1 0.5203972567547466 0.1088801630029641 0.526313114813981 0.1629611472437654 0.4134899688600811 0.167467915032598 0.4253215882625787 0.1126357885004169
1 0.6129214641749243 0.10349778296568476 0.6378685400538655 0.1539476689723977 0.5271582189717818 0.16296114724376548 0.5199747369145032 0.10963127664119528
1 0.4771510635724542 0.19084164638828552 0.4750246432788649 0.2506459520906763 0.7792667824538018 0.23111668231203256 0.7429267556111935 0.1785379253476935
1 0.6144689570673776 0.10342541539863753 0.6385548124285877 0.15525305872474562 0.7539132708558903 0.14999517729768194 0.7179957960921826 0.10943441046393229
1 0.8068037093932378 0.09034924438593843 0.8701168656796509 0.14323503994100747 0.7518004782227311 0.1507462909359131 0.718418348171083 0.11018555275531207
1 0.9003109502750946 0.08565333775031474 0.98758814897877 0.13797718716709245 0.8688491772042926 0.14323503994100753 0.8067330866848723 0.08915405570020614
1 0.3868948675286396 0.01529437798736579 0.37198635070642233 0.047781114131055305 0.4425072732571623 0.04517858457541995 0.44519145675555977 0.013948147175399097
1 0.2639500371665288 0.02288733139269052 0.23138011826948393 0.052118674421433794 0.30092496901616456 0.04994989427624456 0.32679076943012225 0.02002073820052072
0 0.3859430365838665 0.0163790856166979 0.37144587294988346 0.04691359876368375 0.30116898231292405 0.05081740964361611 0.3272787960236413 0.020020738200520697