1 0.42521183957889275 0.5806866927112184 0.45858513501986237 0.6641886006458253 0.824578941689161 0.6257337746233089 0.7448538470246228 0.5587125064126378
1 0.032448889707725095 0.6068460530078797 0 0.6877920311455769 0.4638888066294758 0.6702126821067121 0.43694247865102864 0.5772293274818948
1 0.8366323721740907 0.33904640737224756 0.9147502075010085 0.3651928433390074 0.9723741662761116 0.364335583143376 0.8877465113386172 0.33818914717661613
1 0.9362085017729088 0.33776051707880034 0.9902158940976915 0.35319120060016684 0.9723741662761116 0.3643355831433759 0.887023198048553 0.338189147176616
1 0.8583317708760122 0.3651928433390074 0.7966090367905462 0.34461859864385214 0.8366323721740906 0.3403322976656947 0.9149913119310299 0.3651928433390074
1 0.8838285588971643 0.43241160042360216 0.9991312603813226 0.48365724552767253 0.9269479575926863 0.5005979546529851 0.7972085955508015 0.4332586358798678
1 0.7968750753398961 0.43368215360800055 0.9276626437589105 0.5014449901092507 0.8228420060460393 0.5082212737593758 0.7073010758398062 0.434952706792399
1 0.6117713582878485 0.44299954362692245 0.7056334747852833 0.514574039681368 0.8237949209343373 0.5094918269437742 0.7084922194501788 0.4362232599767975
1 0.5150504971255173 0.4442700968113209 0.5815163105843607 0.5217738410596258 0.7054428918076231 0.5158445928657663 0.6127719189205619 0.4446936145394537
1 0.4042741413607784 0.4472347209082506 0.4462023964459269 0.5289736424378836 0.5829456829168087 0.5251619828846882 0.5155269545696666 0.4455406499957194
1 0.2882567537103959 0.45358748683024286 0.29992996109205655 0.5374439970005399 0.44725060282305584 0.530244195622282 0.4050841190158326 0.4485052740926491
1 0.16093738358228166 0.4583072816417241 0.13610136759736166 0.5492622912931644 0.301509234056929 0.5386655911395986 0.28809778542507214 0.4547750482572021
1 0.022849134706126418 0.460073398333985 0 0.49981102390985704 0.13560464727766325 0.550145349639295 0.16093738358228168 0.4583072816417241
1 0.11562023523021603 0.33187903242140326 0.09574283089264309 0.36427183949004066 0 0.361915998975958 0.028888494303939354 0.33423487293548604
0 0.19661749454720184 0.329501006413748 0.18998621311222033 0.36427839349498436 0.09515888859198471 0.36545728797231447 0.11704211732742369 0.3300904536524131
0 0.27320879512123836 0.3330376898457383 0.2795085124844708 0.3678150769269746 0.18965464904047127 0.36368894625631937 0.19628593047545279 0.3318587953684081
0 0.3444950705472896 0.3336271370844033 0.3627310944934887 0.36545728797231447 0.280503204699718 0.36545728797231447 0.2728772310494892 0.3348060315617332
0 0.41346039747109736 0.3336271370844032 0.4423064717132669 0.3666361824496445 0.363725786708736 0.3672256296883095 0.3448266346190387 0.3336271370844032
0 0.604772866870314 0.3389321622323884 0.6624650153546531 0.3701728658816346 0.7310987782067119 0.36840452416563957 0.6740697578658708 0.3401110567097185
0 0.7964799941184629 0.36759797392881477 0.7301040859914646 0.3678150769269745 0.6750644500811179 0.3395216094710535 0.7350775470677007 0.3424688456643785
0 0.8581689889498535 0.3648418340648933 0.795691236792843 0.36785394415005235 0.7358820259144037 0.34225100842620026 0.7985715670617768 0.34413357722942467