1 0.5757381200599797 0.505111561250862 0.7802314295727052 0.49467838903131356 0.9599346327750787 0.888981961852174 0.615098789408557 0.9076898855163051
1 0.38207154552980754 0.515005128276669 0.5778630193115377 0.5061908924094269 0.6167178540801377 0.909128872956643 0.28645250581810705 0.9105679811680628
1 0.1872919447092321 0.5229199818973146 0.0023272398769220715 0.8659569550959472 0.28888093299114453 0.9105679811680628 0.3811608938316352 0.5177033957875404
1 0.4997906182610226 0.28569480009900317 0.49880474438261374 0.34084737053964803 0.8022020578231858 0.32121677700195506 0.7627656905761785 0.2688685994811497
1 0.2466089746122326 0.2971459780282701 0.20612093795605638 0.354168084910864 0.49847611975647754 0.3410810356275007 0.500579458574815 0.28686334127739427
1 0.35913248944557197 0.21537367141210592 0.3299848100600178 0.268213589768807 0.2202909202363048 0.2711329245081278 0.2675840989132956 0.2185849727003644
1 0.43770811861593406 0.26273982335132806 0.4505166901378278 0.21041081583026264 0.35888624602929814 0.21508174161317442 0.3293279955749266 0.26704584607307696
1 0.5411208719493417 0.20493706166278577 0.5478535925153387 0.25595239121366054 0.4381597026916258 0.26354266398589526 0.4496545901183279 0.2109946999281297
1 0.6342293278056066 0.19756575767725326 0.6578759171441019 0.24719439924569997 0.5485104345629346 0.2553685071157935 0.540628247304271 0.20632374964521386
1 0.7384631130266306 0.19931734872084417 0.7750003825882821 0.2401879860713282 0.6600517012587935 0.247778283343567 0.6341061509724605 0.19873348912298117
1 0.8262346411133525 0.1806336455891971 0.8899490639177708 0.23142999410336765 0.773686670930586 0.24135572976705813 0.7382168144853475 0.19990123281871122
1 0.9204514955304004 0.17523286468395152 1 0.22092039884181414 0.8910345128348087 0.23259773779909762 0.8263348131777444 0.181801364784923
0 0.590250679671048 0.10724973644250471 0.6044476493062537 0.13573287740024725 0.6753959880625796 0.13002329421819095 0.650286695919996 0.10355146563173807
0 0.5332438426238792 0.11010453892374009 0.5358350803099988 0.14040440603018198 0.6038637436206854 0.13521385012418646 0.590141200417875 0.10718485258789354
0 0.4686093301971597 0.11652784450651969 0.46631009435975684 0.14462170411700942 0.5357985708902968 0.1404692898847932 0.5334628256331921 0.10828785633586961
0 0.41280686294676194 0.11795524574713737 0.3979894782062861 0.1487741401296401 0.32820901207851255 0.1518884780293203 0.3588657022695908 0.12074516437376157
1 0.4686093301971597 0.11438674264559316 0.4666020472025411 0.14514075317348463 0.39769752536350195 0.14825511285357926 0.41346378747173423 0.11866894636744621
0 0.1127430881061803 0.2765708370600347 0.18050082463895487 0.21747813466719665 0.26807447274889723 0.2191827357489495 0.22013270143908503 0.27088884140171704