1 0.5866544792292064 0.600756626614718 0.6193384402201845 0.6894985328205248 0.9953719122106055 0.6662566050047182 0.9378584964231695 0.6060388829364922
1 0.22775364783066485 0.5953284814617685 0.1877842122390733 0.6962013832098413 0.6261058418198975 0.6940884806811316 0.5952225980157319 0.5969738488254988
1 0.8942926372186615 0.47524786519542067 0.9996448396845591 0.5441862589914188 0.8908609693858961 0.5594381160259316 0.7855087669199985 0.4758579394768013
1 0.6780975637544416 0.46975719666299603 0.750162588242515 0.5557776703376486 0.8915473029524492 0.5594381160259316 0.7851656001367219 0.47524786519542067
1 0.5665683591895665 0.4691471223816155 0.606375706049645 0.5533373732121265 0.7515352553756212 0.5569978189004097 0.680156564454101 0.47158741950713756
1 0.45606865497452076 0.4691471223816155 0.4663636584728169 0.5496769275238435 0.6080915399660276 0.552727298930746 0.5679410263226726 0.4709773452257571
1 0.3441962836263689 0.46304637956781036 0.3191451084471816 0.5472366303983214 0.46602049168954035 0.5484567789610824 0.4567549885410739 0.46914712238161554
1 0.22374474269630362 0.4612161567236689 0.1657495563225685 0.5472366303983214 0.3218904427133939 0.5472366303983214 0.3445394504096455 0.46426652813057145
1 0.1029500349829618 0.4575557110353858 0.0054906685324246285 0.5441862589914188 0.16883805737205734 0.5460164818355603 0.2237447426963036 0.4618262310050493
0 0.5091671328269172 0.35634166938556466 0.5260233315387115 0.3872854158130132 0.6066399340733799 0.39021692863245566 0.5769583667765247 0.3589474585584025
0 0.44302487483824604 0.3566673930321694 0.44815502227227033 0.3872854158130131 0.5273058683972175 0.3892397576926414 0.5091671328269172 0.35601594573895995
0 0.37523364088863853 0.3491757491602608 0.36790485884003227 0.3820738374673377 0.44980399823320677 0.3853310739333849 0.443024874838246 0.3563416693855647
0 0.3045108941195885 0.34852430186705136 0.2867385976517184 0.3749079172420337 0.3684911614039209 0.38109666652752344 0.37545350435009683 0.35145581468649384
0 0.22975731722380502 0.34591851269421364 0.20612199511704998 0.3696963388963583 0.11502523425287454 0.3696963388963583 0.14745509481795704 0.34852430186705136
0 0.9204950253049413 0.4022687035568303 0.8442756919994366 0.402594427203435 0.7807351516380205 0.3690448916031488 0.8501753615485643 0.372302128069196
0 0.9941492848934338 0.4071545582559011 0.921411123061017 0.4042230454364586 0.8503585810997797 0.3729535753624055 0.9265779144052844 0.37881660100129044
1 0.2295065906082148 0.34731899487223117 0.2070404944066429 0.3692466878968591 0.28809464540839247 0.3755117430467528 0.3039530662565609 0.34927682460657294