1 0.4907036223537203 0.38734219868333136 0.4079723810045087 0.7625589024513584 0.7136358986611376 0.7917499087289427 0.6782698718248333 0.3875667448854667
1 0.7306873758857843 0.7915253625268075 0.9990902581255926 0.8040999498463823 0.9990902581255926 0.6289539121808759 0.8961498585842073 0.38779129108760196 0.6883744509209203 0.3855458290662493
1 0.11783924344580109 0.7384303235695134 0.3945335996030688 0.7604211952745616 0.48177370248559553 0.3888912048892735 0.3059914056327431 0.38426154768821064
1 0.1278712145495142 0.3791668923368122 0.2972273651170005 0.3826375275069432 0.10298025293873092 0.7401129500304366 0 0.7262304093499127 0 0.5396837689553712
1 0.9303643218048818 0.20802497339561934 0.8942336685309057 0.15766103246825885 0.6092941983929587 0.1671498909038485 0.6072413203660284 0.21824374401856209
1 0.31573073599742035 0.2202212725140303 0.34775911498472706 0.1730509365762976 0.6028888191204008 0.1675639400805784 0.6006130513225258 0.21678795467165377
1 0.3327965750733624 0.13076396423971376 0.4312124607467833 0.13076396423971376 0.4601885664589926 0.07650758746892343 0.376517918011903 0.07772683189073895
1 0.43658690565480407 0.1314505800552325 0.4651750538828066 0.0778036846150302 0.5528806691255057 0.07121546938553168 0.540527765570196 0.1279996101731142
1 0.5465281208064258 0.1267767124228661 0.5577258572859248 0.07229415832378312 0.6480935551906536 0.06670620405721053 0.6537906491889952 0.12363348814791895
1 0.6594180174158902 0.12148173032417091 0.6541751905845508 0.06780984515939713 0.7472500938824876 0.062049935531958006 0.7726689677894876 0.1175545192145533
1 0.7794181368175064 0.11621080273462436 0.8991583887367469 0.1131844797467435 0.8492808029927358 0.057802769068524086 0.7523514605946471 0.06113172435519302
1 0.9046848179530165 0.1124877904658383 1 0.11072465895383456 1 0.08568819148338153 0.9591523581875914 0.05183606645290983 0.8575959830961762 0.05430445056971506
0 0.23163180664599198 0.1311286205221258 0.32508970504443696 0.13061739783003176 0.3712435287150535 0.07770584919829679 0.2864125132456959 0.08128440804295517
1 0.10708281529300066 0.17311914331439446 0.04823924883102162 0.22092713449303147 0.3087727780778758 0.21969496977193262 0.3416946792197368 0.1722566280096252