0 0.04904830571430401 0.6429669487058769 0.1470450864212111 0.5973261595418953 0.21137728448411497 0.6150852300562543 0.14264968427626606 0.6555758822133115
0 0.1429993097732273 0.653711183088184 0.2513351596074213 0.6619691619063212 0.3420396028699891 0.5994572825808997 0.23934779371702924 0.593774357362224
1 0.25178468289408584 0.6595716745694422 0.34413738938575755 0.5984805041926888 0.4376388701580163 0.60203230637236 0.3625180126131584 0.6688064317757902 0.25103548300531175 0.6617027678004457
1 0.15563599452969068 0.7718977612935611 0.2509491543307682 0.6944958508162985 0.5527825225858921 0.716940745462459 0.510262350028292 0.8038641001426073
1 0.5047568105214002 0.8052913143900636 0.5375722451859241 0.7363861553716322 0.9331554201708643 0.7704835576436808 0.9755108087130505 0.8571478467924734
1 0.3638665824731522 0.6673856632111201 0.43783866573742297 0.6032754490584455 0.5377334038466907 0.607537635520452 0.4905830890687484 0.673601346833546
1 0.5361790162908651 0.6066911455144696 0.6481688792549356 0.6107248949022795 0.6287205586991758 0.682179405058522 0.48955711157912646 0.6744961143431231
1 0.6478987374963897 0.609860499307534 0.7696127607383402 0.6191765050171183 0.7821461341583913 0.689862695773921 0.6287205586991758 0.6798744791005369
1 0.7685322662449084 0.6183121094223728 0.9004566178812196 0.6213854192604659 0.9544797103858992 0.7051332010094135 0.7816058506412996 0.6928399616570421
0 0.6098664919796154 0.4999895678146304 0.678745966659661 0.5015262388538438 0.672695342577946 0.5322593694751061 0.5987917679905095 0.5238077593602674
0 0.6776114293063696 0.5021024703433401 0.7522173434497249 0.5069045391305897 0.756971337868946 0.5322593694751061 0.6722631810509491 0.5314910178353324
0 0.7512989049951199 0.5063282754007594 0.8295783553346402 0.5061361874908161 0.847297920971285 0.5337960405143194 0.756539176341949 0.5337960405143194